





































































































































0.960586	0.960586	
0.960586	0.960586	0.960586	
0.960586	0.960586	0.960586	0.960586	
0.960586	0.960586	0.960586	0.960586	0.960586	
0.960586	0.960586	0.960586	0.960586	0.960586	0.960586	
0.960586	0.960586	0.960586	0.960586	0.960586	0.960586	0.960586	
0.960586	0.960586	0.960586	0.960586	0.960586	0.960586	0.960586	0.960586	
0.960586	0.960586	0.960586	0.960586	0.960586	0.960586	0.960586	0.960586	0.960586	
0.960586	0.960586	0.960586	0.960586	0.960586	0.960586	0.960586	0.960586	0.960586	0.960586	
0.960586	0.960586	0.960586	0.960586	0.960586	0.960586	0.960586	0.960586	0.960586	0.960586	0.960586	
0.960586	0.960586	0.960586	0.960586	0.960586	0.960586	0.960586	0.960586	0.960586	0.960586	0.960586	0.960586	
0.960586	0.960586	0.960586	0.960586	0.960586	0.960586	0.960586	0.960586	0.960586	0.960586	0.960586	0.960586	0.960586	
0.960586	0.960586	0.960586	0.960586	0.960586	0.960586	0.960586	0.960586	0.960586	0.960586	0.960586	0.960586	0.960586	0.960586	
0.960586	0.960586	0.960586	0.960586	0.960586	0.960586	0.960586	0.960586	0.960586	0.960586	0.960586	0.960586	0.960586	0.960586	0.960586	
0.960586	0.960586	0.960586	0.960586	0.960586	0.960586	0.960586	0.960586	0.960586	0.960586	0.960586	0.960586	0.960586	0.960586	0.960586	0.960586	
0.960586	0.960586	0.960586	0.960586	0.960586	0.960586	0.960586	0.960586	0.960586	0.960586	0.960586	0.960586	0.960586	0.960586	0.960586	0.960586	0.960586	
0.960586	0.960586	0.960586	0.960586	0.960586	0.960586	0.960586	0.960586	0.960586	0.960586	0.960586	0.960586	0.960586	0.960586	0.960586	0.960586	0.960586	0.960586	
0.960586	0.960586	0.960586	0.960586	0.960586	0.960586	0.960586	0.960586	0.960586	0.960586	0.960586	0.960586	0.960586	0.960586	0.960586	0.960586	0.960586	0.960586	0.960586	
0.960586	0.960586	0.960586	0.960586	0.960586	0.960586	0.960586	0.960586	0.960586	0.960586	0.960586	0.960586	0.960586	0.960586	0.960586	0.960586	0.960586	0.960586	0.960586	0.960586	
0.960586	0.960586	0.960586	0.960586	0.960586	0.960586	0.960586	0.960586	0.960586	0.960586	0.960586	0.960586	0.960586	0.960586	0.960586	0.960586	0.960586	0.960586	0.960586	0.960586	0.960586	
0.960586	0.960586	0.960586	0.960586	0.960586	0.960586	0.960586	0.960586	0.960586	0.960586	0.960586	0.960586	0.960586	0.960586	0.960586	0.960586	0.960586	0.960586	0.960586	0.960586	0.960586	0.960586	
0.960586	0.960586	0.960586	0.960586	0.960586	0.960586	0.960586	0.960586	0.960586	0.960586	0.960586	0.960586	0.960586	0.960586	0.960586	0.960586	0.960586	0.960586	0.960586	0.960586	0.960586	0.960586	0.960586	
0.960586	0.960586	0.960586	0.960586	0.960586	0.960586	0.960586	0.960586	0.960586	0.960586	0.960586	0.960586	0.960586	0.960586	0.960586	0.960586	0.960586	0.960586	0.960586	0.960586	0.960586	0.960586	0.960586	0.960586	
0.960586	0.960586	0.960586	0.960586	0.960586	0.960586	0.960586	0.960586	0.960586	0.960586	0.960586	0.960586	0.960586	0.960586	0.960586	0.960586	0.960586	0.960586	0.960586	0.960586	0.960586	0.960586	0.960586	0.960586	0.960586	
0.960586	0.960586	0.960586	0.960586	0.960586	0.960586	0.960586	0.960586	0.960586	0.960586	0.960586	0.960586	0.960586	0.960586	0.960586	0.960586	0.960586	0.960586	0.960586	0.960586	0.960586	0.960586	0.960586	0.960586	0.960586	0.960586	
0.960586	0.960586	0.960586	0.960586	0.960586	0.960586	0.960586	0.960586	0.960586	0.960586	0.960586	0.960586	0.960586	0.960586	0.960586	0.960586	0.960586	0.960586	0.960586	0.960586	0.960586	0.960586	0.960586	0.960586	0.960586	0.960586	0.960586	
0.960586	0.960586	0.960586	0.960586	0.960586	0.960586	0.960586	0.960586	0.960586	0.960586	0.960586	0.960586	0.960586	0.960586	0.960586	0.960586	0.960586	0.960586	0.960586	0.960586	0.960586	0.960586	0.960586	0.960586	0.960586	0.960586	0.960586	0.960586	
0.960586	0.960586	0.960586	0.960586	0.960586	0.960586	0.960586	0.960586	0.960586	0.960586	0.960586	0.960586	0.960586	0.960586	0.960586	0.960586	0.960586	0.960586	0.960586	0.960586	0.960586	0.960586	0.960586	0.960586	0.960586	0.960586	0.960586	0.960586	0.960586	
0.960586	0.960586	0.960586	0.960586	0.960586	0.960586	0.960586	0.960586	0.960586	0.960586	0.960586	0.960586	0.960586	0.960586	0.960586	0.960586	0.960586	0.960586	0.960586	0.960586	0.960586	0.960586	0.960586	0.960586	0.960586	0.960586	0.960586	0.960586	0.960586	0.960586	
0.960586	0.960586	0.960586	0.960586	0.960586	0.960586	0.960586	0.960586	0.960586	0.960586	0.960586	0.960586	0.960586	0.960586	0.960586	0.960586	0.960586	0.960586	0.960586	0.960586	0.960586	0.960586	0.960586	0.960586	0.960586	0.960586	0.960586	0.960586	0.960586	0.960586	0.960586	
0.960586	0.960586	0.960586	0.960586	0.960586	0.960586	0.960586	0.960586	0.960586	0.960586	0.960586	0.960586	0.960586	0.960586	0.960586	0.960586	0.960586	0.960586	0.960586	0.960586	0.960586	0.960586	0.960586	0.960586	0.960586	0.960586	0.960586	0.960586	0.960586	0.960586	0.960586	0.960586	
0.960586	0.960586	0.960586	0.960586	0.960586	0.960586	0.960586	0.960586	0.960586	0.960586	0.960586	0.960586	0.960586	0.960586	0.960586	0.960586	0.960586	0.960586	0.960586	0.960586	0.960586	0.960586	0.960586	0.960586	0.960586	0.960586	0.960586	0.960586	0.960586	0.960586	0.960586	0.960586	0.960586	
0.960586	0.960586	0.960586	0.960586	0.960586	0.960586	0.960586	0.960586	0.960586	0.960586	0.960586	0.960586	0.960586	0.960586	0.960586	0.960586	0.960586	0.960586	0.960586	0.960586	0.960586	0.960586	0.960586	0.960586	0.960586	0.960586	0.960586	0.960586	0.960586	0.960586	0.960586	0.960586	0.960586	0.960586	
0.960586	0.960586	0.960586	0.960586	0.960586	0.960586	0.960586	0.960586	0.960586	0.960586	0.960586	0.960586	0.960586	0.960586	0.960586	0.960586	0.960586	0.960586	0.960586	0.960586	0.960586	0.960586	0.960586	0.960586	0.960586	0.960586	0.960586	0.960586	0.960586	0.960586	0.960586	0.960586	0.960586	0.960586	0.960586	
0.960586	0.960586	0.960586	0.960586	0.960586	0.960586	0.960586	0.960586	0.960586	0.960586	0.960586	0.960586	0.960586	0.960586	0.960586	0.960586	0.960586	0.960586	0.960586	0.960586	0.960586	0.960586	0.960586	0.960586	0.960586	0.960586	0.960586	0.960586	0.960586	0.960586	0.960586	0.960586	0.960586	0.960586	0.960586	0.960586	
0.960586	0.960586	0.960586	0.960586	0.960586	0.960586	0.960586	0.960586	0.960586	0.960586	0.960586	0.960586	0.960586	0.960586	0.960586	0.960586	0.960586	0.960586	0.960586	0.960586	0.960586	0.960586	0.960586	0.960586	0.960586	0.960586	0.960586	0.960586	0.960586	0.960586	0.960586	0.960586	0.960586	0.960586	0.960586	0.960586	0.960586	
0.960586	0.960586	0.960586	0.960586	0.960586	0.960586	0.960586	0.960586	0.960586	0.960586	0.960586	0.960586	0.960586	0.960586	0.960586	0.960586	0.960586	0.960586	0.960586	0.960586	0.960586	0.960586	0.960586	0.960586	0.960586	0.960586	0.960586	0.960586	0.960586	0.960586	0.960586	0.960586	0.960586	0.960586	0.960586	0.960586	0.960586	0.960586	
0.960586	0.960586	0.960586	0.960586	0.960586	0.960586	0.960586	0.960586	0.960586	0.960586	0.960586	0.960586	0.960586	0.960586	0.960586	0.960586	0.960586	0.960586	0.960586	0.960586	0.960586	0.960586	0.960586	0.960586	0.960586	0.960586	0.960586	0.960586	0.960586	0.960586	0.960586	0.960586	0.960586	0.960586	0.960586	0.960586	0.960586	0.960586	0.960586	
0.960586	0.960586	0.960586	0.960586	0.960586	0.960586	0.960586	0.960586	0.960586	0.960586	0.960586	0.960586	0.960586	0.960586	0.960586	0.960586	0.960586	0.960586	0.960586	0.960586	0.960586	0.960586	0.960586	0.960586	0.960586	0.960586	0.960586	0.960586	0.960586	0.960586	0.960586	0.960586	0.960586	0.960586	0.960586	0.960586	0.960586	0.960586	0.960586	0.960586	
0.960586	0.960586	0.960586	0.960586	0.960586	0.960586	0.960586	0.960586	0.960586	0.960586	0.960586	0.960586	0.960586	0.960586	0.960586	0.960586	0.960586	0.960586	0.960586	0.960586	0.960586	0.960586	0.960586	0.960586	0.960586	0.960586	0.960586	0.960586	0.960586	0.960586	0.960586	0.960586	0.960586	0.960586	0.960586	0.960586	0.960586	0.960586	0.960586	0.960586	0.960586	
0.960586	0.960586	0.960586	0.960586	0.960586	0.960586	0.960586	0.960586	0.960586	0.960586	0.960586	0.960586	0.960586	0.960586	0.960586	0.960586	0.960586	0.960586	0.960586	0.960586	0.960586	0.960586	0.960586	0.960586	0.960586	0.960586	0.960586	0.960586	0.960586	0.960586	0.960586	0.960586	0.960586	0.960586	0.960586	0.960586	0.960586	0.960586	0.960586	0.960586	0.960586	0.960586	
0.960586	0.960586	0.960586	0.960586	0.960586	0.960586	0.960586	0.960586	0.960586	0.960586	0.960586	0.960586	0.960586	0.960586	0.960586	0.960586	0.960586	0.960586	0.960586	0.960586	0.960586	0.960586	0.960586	0.960586	0.960586	0.960586	0.960586	0.960586	0.960586	0.960586	0.960586	0.960586	0.960586	0.960586	0.960586	0.960586	0.960586	0.960586	0.960586	0.960586	0.960586	0.960586	0.960586	
0.960586	0.960586	0.960586	0.960586	0.960586	0.960586	0.960586	0.960586	0.960586	0.960586	0.960586	0.960586	0.960586	0.960586	0.960586	0.960586	0.960586	0.960586	0.960586	0.960586	0.960586	0.960586	0.960586	0.960586	0.960586	0.960586	0.960586	0.960586	0.960586	0.960586	0.960586	0.960586	0.960586	0.960586	0.960586	0.960586	0.960586	0.960586	0.960586	0.960586	0.960586	0.960586	0.960586	0.960586	
0.960586	0.960586	0.960586	0.960586	0.960586	0.960586	0.960586	0.960586	0.960586	0.960586	0.960586	0.960586	0.960586	0.960586	0.960586	0.960586	0.960586	0.960586	0.960586	0.960586	0.960586	0.960586	0.960586	0.960586	0.960586	0.960586	0.960586	0.960586	0.960586	0.960586	0.960586	0.960586	0.960586	0.960586	0.960586	0.960586	0.960586	0.960586	0.960586	0.960586	0.960586	0.960586	0.960586	0.960586	0.960586	
0.960586	0.960586	0.960586	0.960586	0.960586	0.960586	0.960586	0.960586	0.960586	0.960586	0.960586	0.960586	0.960586	0.960586	0.960586	0.960586	0.960586	0.960586	0.960586	0.960586	0.960586	0.960586	0.960586	0.960586	0.960586	0.960586	0.960586	0.960586	0.960586	0.960586	0.960586	0.960586	0.960586	0.960586	0.960586	0.960586	0.960586	0.960586	0.960586	0.960586	0.960586	0.960586	0.960586	0.960586	0.960586	0.960586	
0.960586	0.960586	0.960586	0.960586	0.960586	0.960586	0.960586	0.960586	0.960586	0.960586	0.960586	0.960586	0.960586	0.960586	0.960586	0.960586	0.960586	0.960586	0.960586	0.960586	0.960586	0.960586	0.960586	0.960586	0.960586	0.960586	0.960586	0.960586	0.960586	0.960586	0.960586	0.960586	0.960586	0.960586	0.960586	0.960586	0.960586	0.960586	0.960586	0.960586	0.960586	0.960586	0.960586	0.960586	0.960586	0.960586	0.960586	
0.960586	0.960586	0.960586	0.960586	0.960586	0.960586	0.960586	0.960586	0.960586	0.960586	0.960586	0.960586	0.960586	0.960586	0.960586	0.960586	0.960586	0.960586	0.960586	0.960586	0.960586	0.960586	0.960586	0.960586	0.960586	0.960586	0.960586	0.960586	0.960586	0.960586	0.960586	0.960586	0.960586	0.960586	0.960586	0.960586	0.960586	0.960586	0.960586	0.960586	0.960586	0.960586	0.960586	0.960586	0.960586	0.960586	0.960586	0.960586	
0.960586	0.960586	0.960586	0.960586	0.960586	0.960586	0.960586	0.960586	0.960586	0.960586	0.960586	0.960586	0.960586	0.960586	0.960586	0.960586	0.960586	0.960586	0.960586	0.960586	0.960586	0.960586	0.960586	0.960586	0.960586	0.960586	0.960586	0.960586	0.960586	0.960586	0.960586	0.960586	0.960586	0.960586	0.960586	0.960586	0.960586	0.960586	0.960586	0.960586	0.960586	0.960586	0.960586	0.960586	0.960586	0.960586	0.960586	0.960586	0.960586	
0.960586	0.960586	0.960586	0.960586	0.960586	0.960586	0.960586	0.960586	0.960586	0.960586	0.960586	0.960586	0.960586	0.960586	0.960586	0.960586	0.960586	0.960586	0.960586	0.960586	0.960586	0.960586	0.960586	0.960586	0.960586	0.960586	0.960586	0.960586	0.960586	0.960586	0.960586	0.960586	0.960586	0.960586	0.960586	0.960586	0.960586	0.960586	0.960586	0.960586	0.960586	0.960586	0.960586	0.960586	0.960586	0.960586	0.960586	0.960586	0.960586	0.960586	
0.960586	0.960586	0.960586	0.960586	0.960586	0.960586	0.960586	0.960586	0.960586	0.960586	0.960586	0.960586	0.960586	0.960586	0.960586	0.960586	0.960586	0.960586	0.960586	0.960586	0.960586	0.960586	0.960586	0.960586	0.960586	0.960586	0.960586	0.960586	0.960586	0.960586	0.960586	0.960586	0.960586	0.960586	0.960586	0.960586	0.960586	0.960586	0.960586	0.960586	0.960586	0.960586	0.960586	0.960586	0.960586	0.960586	0.960586	0.960586	0.960586	0.960586	0.960586	
0.960586	0.960586	0.960586	0.960586	0.960586	0.960586	0.960586	0.960586	0.960586	0.960586	0.960586	0.960586	0.960586	0.960586	0.960586	0.960586	0.960586	0.960586	0.960586	0.960586	0.960586	0.960586	0.960586	0.960586	0.960586	0.960586	0.960586	0.960586	0.960586	0.960586	0.960586	0.960586	0.960586	0.960586	0.960586	0.960586	0.960586	0.960586	0.960586	0.960586	0.960586	0.960586	0.960586	0.960586	0.960586	0.960586	0.960586	0.960586	0.960586	0.960586	0.960586	0.960586	
0.960586	0.960586	0.960586	0.960586	0.960586	0.960586	0.960586	0.960586	0.960586	0.960586	0.960586	0.960586	0.960586	0.960586	0.960586	0.960586	0.960586	0.960586	0.960586	0.960586	0.960586	0.960586	0.960586	0.960586	0.960586	0.960586	0.960586	0.960586	0.960586	0.960586	0.960586	0.960586	0.960586	0.960586	0.960586	0.960586	0.960586	0.960586	0.960586	0.960586	0.960586	0.960586	0.960586	0.960586	0.960586	0.960586	0.960586	0.960586	0.960586	0.960586	0.960586	0.960586	0.960586	
0.960586	0.960586	0.960586	0.960586	0.960586	0.960586	0.960586	0.960586	0.960586	0.960586	0.960586	0.960586	0.960586	0.960586	0.960586	0.960586	0.960586	0.960586	0.960586	0.960586	0.960586	0.960586	0.960586	0.960586	0.960586	0.960586	0.960586	0.960586	0.960586	0.960586	0.960586	0.960586	0.960586	0.960586	0.960586	0.960586	0.960586	0.960586	0.960586	0.960586	0.960586	0.960586	0.960586	0.960586	0.960586	0.960586	0.960586	0.960586	0.960586	0.960586	0.960586	0.960586	0.960586	0.960586	
0.960586	0.960586	0.960586	0.960586	0.960586	0.960586	0.960586	0.960586	0.960586	0.960586	0.960586	0.960586	0.960586	0.960586	0.960586	0.960586	0.960586	0.960586	0.960586	0.960586	0.960586	0.960586	0.960586	0.960586	0.960586	0.960586	0.960586	0.960586	0.960586	0.960586	0.960586	0.960586	0.960586	0.960586	0.960586	0.960586	0.960586	0.960586	0.960586	0.960586	0.960586	0.960586	0.960586	0.960586	0.960586	0.960586	0.960586	0.960586	0.960586	0.960586	0.960586	0.960586	0.960586	0.960586	0.960586	
0.960586	0.960586	0.960586	0.960586	0.960586	0.960586	0.960586	0.960586	0.960586	0.960586	0.960586	0.960586	0.960586	0.960586	0.960586	0.960586	0.960586	0.960586	0.960586	0.960586	0.960586	0.960586	0.960586	0.960586	0.960586	0.960586	0.960586	0.960586	0.960586	0.960586	0.960586	0.960586	0.960586	0.960586	0.960586	0.960586	0.960586	0.960586	0.960586	0.960586	0.960586	0.960586	0.960586	0.960586	0.960586	0.960586	0.960586	0.960586	0.960586	0.960586	0.960586	0.960586	0.960586	0.960586	0.960586	0.960586	
0.960586	0.960586	0.960586	0.960586	0.960586	0.960586	0.960586	0.960586	0.960586	0.960586	0.960586	0.960586	0.960586	0.960586	0.960586	0.960586	0.960586	0.960586	0.960586	0.960586	0.960586	0.960586	0.960586	0.960586	0.960586	0.960586	0.960586	0.960586	0.960586	0.960586	0.960586	0.960586	0.960586	0.960586	0.960586	0.960586	0.960586	0.960586	0.960586	0.960586	0.960586	0.960586	0.960586	0.960586	0.960586	0.960586	0.960586	0.960586	0.960586	0.960586	0.960586	0.960586	0.960586	0.960586	0.960586	0.960586	0.960586	
0.960586	0.960586	0.960586	0.960586	0.960586	0.960586	0.960586	0.960586	0.960586	0.960586	0.960586	0.960586	0.960586	0.960586	0.960586	0.960586	0.960586	0.960586	0.960586	0.960586	0.960586	0.960586	0.960586	0.960586	0.960586	0.960586	0.960586	0.960586	0.960586	0.960586	0.960586	0.960586	0.960586	0.960586	0.960586	0.960586	0.960586	0.960586	0.960586	0.960586	0.960586	0.960586	0.960586	0.960586	0.960586	0.960586	0.960586	0.960586	0.960586	0.960586	0.960586	0.960586	0.960586	0.960586	0.960586	0.960586	0.960586	0.960586	
0.960586	0.960586	0.960586	0.960586	0.960586	0.960586	0.960586	0.960586	0.960586	0.960586	0.960586	0.960586	0.960586	0.960586	0.960586	0.960586	0.960586	0.960586	0.960586	0.960586	0.960586	0.960586	0.960586	0.960586	0.960586	0.960586	0.960586	0.960586	0.960586	0.960586	0.960586	0.960586	0.960586	0.960586	0.960586	0.960586	0.960586	0.960586	0.960586	0.960586	0.960586	0.960586	0.960586	0.960586	0.960586	0.960586	0.960586	0.960586	0.960586	0.960586	0.960586	0.960586	0.960586	0.960586	0.960586	0.960586	0.960586	0.960586	0.960586	
0.960586	0.960586	0.960586	0.960586	0.960586	0.960586	0.960586	0.960586	0.960586	0.960586	0.960586	0.960586	0.960586	0.960586	0.960586	0.960586	0.960586	0.960586	0.960586	0.960586	0.960586	0.960586	0.960586	0.960586	0.960586	0.960586	0.960586	0.960586	0.960586	0.960586	0.960586	0.960586	0.960586	0.960586	0.960586	0.960586	0.960586	0.960586	0.960586	0.960586	0.960586	0.960586	0.960586	0.960586	0.960586	0.960586	0.960586	0.960586	0.960586	0.960586	0.960586	0.960586	0.960586	0.960586	0.960586	0.960586	0.960586	0.960586	0.960586	0.960586	0.960586	0.960586	0.960586	
0.960586	0.960586	0.960586	0.960586	0.960586	0.960586	0.960586	0.960586	0.960586	0.960586	0.960586	0.960586	0.960586	0.960586	0.960586	0.960586	0.960586	0.960586	0.960586	0.960586	0.960586	0.960586	0.960586	0.960586	0.960586	0.960586	0.960586	0.960586	0.960586	0.960586	0.960586	0.960586	0.960586	0.960586	0.960586	0.960586	0.960586	0.960586	0.960586	0.960586	0.960586	0.960586	0.960586	0.960586	0.960586	0.960586	0.960586	0.960586	0.960586	0.960586	0.960586	0.960586	0.960586	0.960586	0.960586	0.960586	0.960586	0.960586	0.960586	0.960586	0.960586	0.960586	0.960586	0.960586	0.960586	0.960586	
0.960586	0.960586	0.960586	0.960586	0.960586	0.960586	0.960586	0.960586	0.960586	0.960586	0.960586	0.960586	0.960586	0.960586	0.960586	0.960586	0.960586	0.960586	0.960586	0.960586	0.960586	0.960586	0.960586	0.960586	0.960586	0.960586	0.960586	0.960586	0.960586	0.960586	0.960586	0.960586	0.960586	0.960586	0.960586	0.960586	0.960586	0.960586	0.960586	0.960586	0.960586	0.960586	0.960586	0.960586	0.960586	0.960586	0.960586	0.960586	0.960586	0.960586	0.960586	0.960586	0.960586	0.960586	0.960586	0.960586	0.960586	0.960586	0.960586	0.960586	0.960586	0.960586	0.960586	0.960586	0.960586	0.960586	0.960586	0.960586	0.960586	
0.960586	0.960586	0.960586	0.960586	0.960586	0.960586	0.960586	0.960586	0.960586	0.960586	0.960586	0.960586	0.960586	0.960586	0.960586	0.960586	0.960586	0.960586	0.960586	0.960586	0.960586	0.960586	0.960586	0.960586	0.960586	0.960586	0.960586	0.960586	0.960586	0.960586	0.960586	0.960586	0.960586	0.960586	0.960586	0.960586	0.960586	0.960586	0.960586	0.960586	0.960586	0.960586	0.960586	0.960586	0.960586	0.960586	0.960586	0.960586	0.960586	0.960586	0.960586	0.960586	0.960586	0.960586	0.960586	0.960586	0.960586	0.960586	0.960586	0.960586	0.960586	0.960586	0.960586	0.960586	0.960586	0.960586	0.960586	0.960586	0.960586	0.960586	0.960586	0.960586	
0.960586	0.960586	0.960586	0.960586	0.960586	0.960586	0.960586	0.960586	0.960586	0.960586	0.960586	0.960586	0.960586	0.960586	0.960586	0.960586	0.960586	0.960586	0.960586	0.960586	0.960586	0.960586	0.960586	0.960586	0.960586	0.960586	0.960586	0.960586	0.960586	0.960586	0.960586	0.960586	0.960586	0.960586	0.960586	0.960586	0.960586	0.960586	0.960586	0.960586	0.960586	0.960586	0.960586	0.960586	0.960586	0.960586	0.960586	0.960586	0.960586	0.960586	0.960586	0.960586	0.960586	0.960586	0.960586	0.960586	0.960586	0.960586	0.960586	0.960586	0.960586	0.960586	0.960586	0.960586	0.960586	0.960586	0.960586	0.960586	0.960586	0.960586	0.960586	0.960586	0.960586	0.960586	0.960586	
0.960586	0.960586	0.960586	0.960586	0.960586	0.960586	0.960586	0.960586	0.960586	0.960586	0.960586	0.960586	0.960586	0.960586	0.960586	0.960586	0.960586	0.960586	0.960586	0.960586	0.960586	0.960586	0.960586	0.960586	0.960586	0.960586	0.960586	0.960586	0.960586	0.960586	0.960586	0.960586	0.960586	0.960586	0.960586	0.960586	0.960586	0.960586	0.960586	0.960586	0.960586	0.960586	0.960586	0.960586	0.960586	0.960586	0.960586	0.960586	0.960586	0.960586	0.960586	0.960586	0.960586	0.960586	0.960586	0.960586	0.960586	0.960586	0.960586	0.960586	0.960586	0.960586	0.960586	0.960586	0.960586	0.960586	0.960586	0.960586	0.960586	0.960586	0.960586	0.960586	0.960586	0.960586	0.960586	0.960586	0.960586	0.960586	
0.960586	0.960586	0.960586	0.960586	0.960586	0.960586	0.960586	0.960586	0.960586	0.960586	0.960586	0.960586	0.960586	0.960586	0.960586	0.960586	0.960586	0.960586	0.960586	0.960586	0.960586	0.960586	0.960586	0.960586	0.960586	0.960586	0.960586	0.960586	0.960586	0.960586	0.960586	0.960586	0.960586	0.960586	0.960586	0.960586	0.960586	0.960586	0.960586	0.960586	0.960586	0.960586	0.960586	0.960586	0.960586	0.960586	0.960586	0.960586	0.960586	0.960586	0.960586	0.960586	0.960586	0.960586	0.960586	0.960586	0.960586	0.960586	0.960586	0.960586	0.960586	0.960586	0.960586	0.960586	0.960586	0.960586	0.960586	0.960586	0.960586	0.960586	0.960586	0.960586	0.960586	0.960586	0.960586	0.960586	0.960586	0.960586	0.960586	0.960586	0.960586	
0.960586	0.960586	0.960586	0.960586	0.960586	0.960586	0.960586	0.960586	0.960586	0.960586	0.960586	0.960586	0.960586	0.960586	0.960586	0.960586	0.960586	0.960586	0.960586	0.960586	0.960586	0.960586	0.960586	0.960586	0.960586	0.960586	0.960586	0.960586	0.960586	0.960586	0.960586	0.960586	0.960586	0.960586	0.960586	0.960586	0.960586	0.960586	0.960586	0.960586	0.960586	0.960586	0.960586	0.960586	0.960586	0.960586	0.960586	0.960586	0.960586	0.960586	0.960586	0.960586	0.960586	0.960586	0.960586	0.960586	0.960586	0.960586	0.960586	0.960586	0.960586	0.960586	0.960586	0.960586	0.960586	0.960586	0.960586	0.960586	0.960586	0.960586	0.960586	0.960586	0.960586	0.960586	0.960586	0.960586	0.960586	0.960586	0.960586	0.960586	0.960586	0.960586	0.960586	0.960586	
0.960586	0.960586	0.960586	0.960586	0.960586	0.960586	0.960586	0.960586	0.960586	0.960586	0.960586	0.960586	0.960586	0.960586	0.960586	0.960586	0.960586	0.960586	0.960586	0.960586	0.960586	0.960586	0.960586	0.960586	0.960586	0.960586	0.960586	0.960586	0.960586	0.960586	0.960586	0.960586	0.960586	0.960586	0.960586	0.960586	0.960586	0.960586	0.960586	0.960586	0.960586	0.960586	0.960586	0.960586	0.960586	0.960586	0.960586	0.960586	0.960586	0.960586	0.960586	0.960586	0.960586	0.960586	0.960586	0.960586	0.960586	0.960586	0.960586	0.960586	0.960586	0.960586	0.960586	0.960586	0.960586	0.960586	0.960586	0.960586	0.960586	0.960586	0.960586	0.960586	0.960586	0.960586	0.960586	0.960586	0.960586	0.960586	0.960586	0.960586	0.960586	0.960586	0.960586	0.960586	0.960586	0.960586	0.960586	
0.960586	0.960586	0.960586	0.960586	0.960586	0.960586	0.960586	0.960586	0.960586	0.960586	0.960586	0.960586	0.960586	0.960586	0.960586	0.960586	0.960586	0.960586	0.960586	0.960586	0.960586	0.960586	0.960586	0.960586	0.960586	0.960586	0.960586	0.960586	0.960586	0.960586	0.960586	0.960586	0.960586	0.960586	0.960586	0.960586	0.960586	0.960586	0.960586	0.960586	0.960586	0.960586	0.960586	0.960586	0.960586	0.960586	0.960586	0.960586	0.960586	0.960586	0.960586	0.960586	0.960586	0.960586	0.960586	0.960586	0.960586	0.960586	0.960586	0.960586	0.960586	0.960586	0.960586	0.960586	0.960586	0.960586	0.960586	0.960586	0.960586	0.960586	0.960586	0.960586	0.960586	0.960586	0.960586	0.960586	0.960586	0.960586	0.960586	0.960586	0.960586	0.960586	0.960586	0.960586	0.960586	0.960586	0.960586	0.960586	0.960586	0.960586	
0.960586	0.960586	0.960586	0.960586	0.960586	0.960586	0.960586	0.960586	0.960586	0.960586	0.960586	0.960586	0.960586	0.960586	0.960586	0.960586	0.960586	0.960586	0.960586	0.960586	0.960586	0.960586	0.960586	0.960586	0.960586	0.960586	0.960586	0.960586	0.960586	0.960586	0.960586	0.960586	0.960586	0.960586	0.960586	0.960586	0.960586	0.960586	0.960586	0.960586	0.960586	0.960586	0.960586	0.960586	0.960586	0.960586	0.960586	0.960586	0.960586	0.960586	0.960586	0.960586	0.960586	0.960586	0.960586	0.960586	0.960586	0.960586	0.960586	0.960586	0.960586	0.960586	0.960586	0.960586	0.960586	0.960586	0.960586	0.960586	0.960586	0.960586	0.960586	0.960586	0.960586	0.960586	0.960586	0.960586	0.960586	0.960586	0.960586	0.960586	0.960586	0.960586	0.960586	0.960586	0.960586	0.960586	0.960586	0.960586	0.960586	0.960586	0.960586	0.960586	0.960586	
0.960586	0.960586	0.960586	0.960586	0.960586	0.960586	0.960586	0.960586	0.960586	0.960586	0.960586	0.960586	0.960586	0.960586	0.960586	0.960586	0.960586	0.960586	0.960586	0.960586	0.960586	0.960586	0.960586	0.960586	0.960586	0.960586	0.960586	0.960586	0.960586	0.960586	0.960586	0.960586	0.960586	0.960586	0.960586	0.960586	0.960586	0.960586	0.960586	0.960586	0.960586	0.960586	0.960586	0.960586	0.960586	0.960586	0.960586	0.960586	0.960586	0.960586	0.960586	0.960586	0.960586	0.960586	0.960586	0.960586	0.960586	0.960586	0.960586	0.960586	0.960586	0.960586	0.960586	0.960586	0.960586	0.960586	0.960586	0.960586	0.960586	0.960586	0.960586	0.960586	0.960586	0.960586	0.960586	0.960586	0.960586	0.960586	0.960586	0.960586	0.960586	0.960586	0.960586	0.960586	0.960586	0.960586	0.960586	0.960586	0.960586	0.960586	0.960586	0.960586	0.960586	0.960586	0.960586	0.960586	
0.960586	0.960586	0.960586	0.960586	0.960586	0.960586	0.960586	0.960586	0.960586	0.960586	0.960586	0.960586	0.960586	0.960586	0.960586	0.960586	0.960586	0.960586	0.960586	0.960586	0.960586	0.960586	0.960586	0.960586	0.960586	0.960586	0.960586	0.960586	0.960586	0.960586	0.960586	0.960586	0.960586	0.960586	0.960586	0.960586	0.960586	0.960586	0.960586	0.960586	0.960586	0.960586	0.960586	0.960586	0.960586	0.960586	0.960586	0.960586	0.960586	0.960586	0.960586	0.960586	0.960586	0.960586	0.960586	0.960586	0.960586	0.960586	0.960586	0.960586	0.960586	0.960586	0.960586	0.960586	0.960586	0.960586	0.960586	0.960586	0.960586	0.960586	0.960586	0.960586	0.960586	0.960586	0.960586	0.960586	0.960586	0.960586	0.960586	0.960586	0.960586	0.960586	0.960586	0.960586	0.960586	0.960586	0.960586	0.960586	0.960586	0.960586	0.960586	0.960586	0.960586	0.960586	0.960586	0.960586	0.960586	0.960586	0.960586	
0.960586	0.960586	0.960586	0.960586	0.960586	0.960586	0.960586	0.960586	0.960586	0.960586	0.960586	0.960586	0.960586	0.960586	0.960586	0.960586	0.960586	0.960586	0.960586	0.960586	0.960586	0.960586	0.960586	0.960586	0.960586	0.960586	0.960586	0.960586	0.960586	0.960586	0.960586	0.960586	0.960586	0.960586	0.960586	0.960586	0.960586	0.960586	0.960586	0.960586	0.960586	0.960586	0.960586	0.960586	0.960586	0.960586	0.960586	0.960586	0.960586	0.960586	0.960586	0.960586	0.960586	0.960586	0.960586	0.960586	0.960586	0.960586	0.960586	0.960586	0.960586	0.960586	0.960586	0.960586	0.960586	0.960586	0.960586	0.960586	0.960586	0.960586	0.960586	0.960586	0.960586	0.960586	0.960586	0.960586	0.960586	0.960586	0.960586	0.960586	0.960586	0.960586	0.960586	0.960586	0.960586	0.960586	0.960586	0.960586	0.960586	0.960586	0.960586	0.960586	0.960586	0.960586	0.960586	0.960586	0.960586	0.960586	0.960586	0.960586	0.960586	0.960586	
0.960586	0.960586	0.960586	0.960586	0.960586	0.960586	0.960586	0.960586	0.960586	0.960586	0.960586	0.960586	0.960586	0.960586	0.960586	0.960586	0.960586	0.960586	0.960586	0.960586	0.960586	0.960586	0.960586	0.960586	0.960586	0.960586	0.960586	0.960586	0.960586	0.960586	0.960586	0.960586	0.960586	0.960586	0.960586	0.960586	0.960586	0.960586	0.960586	0.960586	0.960586	0.960586	0.960586	0.960586	0.960586	0.960586	0.960586	0.960586	0.960586	0.960586	0.960586	0.960586	0.960586	0.960586	0.960586	0.960586	0.960586	0.960586	0.960586	0.960586	0.960586	0.960586	0.960586	0.960586	0.960586	0.960586	0.960586	0.960586	0.960586	0.960586	0.960586	0.960586	0.960586	0.960586	0.960586	0.960586	0.960586	0.960586	0.960586	0.960586	0.960586	0.960586	0.960586	0.960586	0.960586	0.960586	0.960586	0.960586	0.960586	0.960586	0.960586	0.960586	0.960586	0.960586	0.960586	0.960586	0.960586	0.960586	0.960586	0.960586	0.960586	0.960586	0.960586	0.960586	0.960586	
0.960586	0.960586	0.960586	0.960586	0.960586	0.960586	0.960586	0.960586	0.960586	0.960586	0.960586	0.960586	0.960586	0.960586	0.960586	0.960586	0.960586	0.960586	0.960586	0.960586	0.960586	0.960586	0.960586	0.960586	0.960586	0.960586	0.960586	0.960586	0.960586	0.960586	0.960586	0.960586	0.960586	0.960586	0.960586	0.960586	0.960586	0.960586	0.960586	0.960586	0.960586	0.960586	0.960586	0.960586	0.960586	0.960586	0.960586	0.960586	0.960586	0.960586	0.960586	0.960586	0.960586	0.960586	0.960586	0.960586	0.960586	0.960586	0.960586	0.960586	0.960586	0.960586	0.960586	0.960586	0.960586	0.960586	0.960586	0.960586	0.960586	0.960586	0.960586	0.960586	0.960586	0.960586	0.960586	0.960586	0.960586	0.960586	0.960586	0.960586	0.960586	0.960586	0.960586	0.960586	0.960586	0.960586	0.960586	0.960586	0.960586	0.960586	0.960586	0.960586	0.960586	0.960586	0.960586	0.960586	0.960586	0.960586	0.960586	0.960586	0.960586	0.960586	0.960586	0.960586	0.960586	0.960586	0.960586	0.960586	
0.960586	0.960586	0.960586	0.960586	0.960586	0.960586	0.960586	0.960586	0.960586	0.960586	0.960586	0.960586	0.960586	0.960586	0.960586	0.960586	0.960586	0.960586	0.960586	0.960586	0.960586	0.960586	0.960586	0.960586	0.960586	0.960586	0.960586	0.960586	0.960586	0.960586	0.960586	0.960586	0.960586	0.960586	0.960586	0.960586	0.960586	0.960586	0.960586	0.960586	0.960586	0.960586	0.960586	0.960586	0.960586	0.960586	0.960586	0.960586	0.960586	0.960586	0.960586	0.960586	0.960586	0.960586	0.960586	0.960586	0.960586	0.960586	0.960586	0.960586	0.960586	0.960586	0.960586	0.960586	0.960586	0.960586	0.960586	0.960586	0.960586	0.960586	0.960586	0.960586	0.960586	0.960586	0.960586	0.960586	0.960586	0.960586	0.960586	0.960586	0.960586	0.960586	0.960586	0.960586	0.960586	0.960586	0.960586	0.960586	0.960586	0.960586	0.960586	0.960586	0.960586	0.960586	0.960586	0.960586	0.960586	0.960586	0.960586	0.960586	0.960586	0.960586	0.960586	0.960586	0.960586	0.960586	0.960586	0.960586	0.960586	0.960586	0.960586	
0.960586	0.960586	0.960586	0.960586	0.960586	0.960586	0.960586	0.960586	0.960586	0.960586	0.960586	0.960586	0.960586	0.960586	0.960586	0.960586	0.960586	0.960586	0.960586	0.960586	0.960586	0.960586	0.960586	0.960586	0.960586	0.960586	0.960586	0.960586	0.960586	0.960586	0.960586	0.960586	0.960586	0.960586	0.960586	0.960586	0.960586	0.960586	0.960586	0.960586	0.960586	0.960586	0.960586	0.960586	0.960586	0.960586	0.960586	0.960586	0.960586	0.960586	0.960586	0.960586	0.960586	0.960586	0.960586	0.960586	0.960586	0.960586	0.960586	0.960586	0.960586	0.960586	0.960586	0.960586	0.960586	0.960586	0.960586	0.960586	0.960586	0.960586	0.960586	0.960586	0.960586	0.960586	0.960586	0.960586	0.960586	0.960586	0.960586	0.960586	0.960586	0.960586	0.960586	0.960586	0.960586	0.960586	0.960586	0.960586	0.960586	0.960586	0.960586	0.960586	0.960586	0.960586	0.960586	0.960586	0.960586	0.960586	0.960586	0.960586	0.960586	0.960586	0.960586	0.960586	0.960586	0.960586	0.960586	0.960586	0.960586	0.960586	0.960586	0.960586	0.960586	0.960586	
0.960586	0.960586	0.960586	0.960586	0.960586	0.960586	0.960586	0.960586	0.960586	0.960586	0.960586	0.960586	0.960586	0.960586	0.960586	0.960586	0.960586	0.960586	0.960586	0.960586	0.960586	0.960586	0.960586	0.960586	0.960586	0.960586	0.960586	0.960586	0.960586	0.960586	0.960586	0.960586	0.960586	0.960586	0.960586	0.960586	0.960586	0.960586	0.960586	0.960586	0.960586	0.960586	0.960586	0.960586	0.960586	0.960586	0.960586	0.960586	0.960586	0.960586	0.960586	0.960586	0.960586	0.960586	0.960586	0.960586	0.960586	0.960586	0.960586	0.960586	0.960586	0.960586	0.960586	0.960586	0.960586	0.960586	0.960586	0.960586	0.960586	0.960586	0.960586	0.960586	0.960586	0.960586	0.960586	0.960586	0.960586	0.960586	0.960586	0.960586	0.960586	0.960586	0.960586	0.960586	0.960586	0.960586	0.960586	0.960586	0.960586	0.960586	0.960586	0.960586	0.960586	0.960586	0.960586	0.960586	0.960586	0.960586	0.960586	0.960586	0.960586	0.960586	0.960586	0.960586	0.960586	0.960586	0.960586	0.960586	0.960586	0.960586	0.960586	0.960586	0.960586	0.960586	0.960586	0.960586	0.960586	
0.960586	0.960586	0.960586	0.960586	0.960586	0.960586	0.960586	0.960586	0.960586	0.960586	0.960586	0.960586	0.960586	0.960586	0.960586	0.960586	0.960586	0.960586	0.960586	0.960586	0.960586	0.960586	0.960586	0.960586	0.960586	0.960586	0.960586	0.960586	0.960586	0.960586	0.960586	0.960586	0.960586	0.960586	0.960586	0.960586	0.960586	0.960586	0.960586	0.960586	0.960586	0.960586	0.960586	0.960586	0.960586	0.960586	0.960586	0.960586	0.960586	0.960586	0.960586	0.960586	0.960586	0.960586	0.960586	0.960586	0.960586	0.960586	0.960586	0.960586	0.960586	0.960586	0.960586	0.960586	0.960586	0.960586	0.960586	0.960586	0.960586	0.960586	0.960586	0.960586	0.960586	0.960586	0.960586	0.960586	0.960586	0.960586	0.960586	0.960586	0.960586	0.960586	0.960586	0.960586	0.960586	0.960586	0.960586	0.960586	0.960586	0.960586	0.960586	0.960586	0.960586	0.960586	0.960586	0.960586	0.960586	0.960586	0.960586	0.960586	0.960586	0.960586	0.960586	0.960586	0.960586	0.960586	0.960586	0.960586	0.960586	0.960586	0.960586	0.960586	0.960586	0.960586	0.960586	0.960586	0.960586	0.960586	0.960586	0.960586	
0.960586	0.960586	0.960586	0.960586	0.960586	0.960586	0.960586	0.960586	0.960586	0.960586	0.960586	0.960586	0.960586	0.960586	0.960586	0.960586	0.960586	0.960586	0.960586	0.960586	0.960586	0.960586	0.960586	0.960586	0.960586	0.960586	0.960586	0.960586	0.960586	0.960586	0.960586	0.960586	0.960586	0.960586	0.960586	0.960586	0.960586	0.960586	0.960586	0.960586	0.960586	0.960586	0.960586	0.960586	0.960586	0.960586	0.960586	0.960586	0.960586	0.960586	0.960586	0.960586	0.960586	0.960586	0.960586	0.960586	0.960586	0.960586	0.960586	0.960586	0.960586	0.960586	0.960586	0.960586	0.960586	0.960586	0.960586	0.960586	0.960586	0.960586	0.960586	0.960586	0.960586	0.960586	0.960586	0.960586	0.960586	0.960586	0.960586	0.960586	0.960586	0.960586	0.960586	0.960586	0.960586	0.960586	0.960586	0.960586	0.960586	0.960586	0.960586	0.960586	0.960586	0.960586	0.960586	0.960586	0.960586	0.960586	0.960586	0.960586	0.960586	0.960586	0.960586	0.960586	0.960586	0.960586	0.960586	0.960586	0.960586	0.960586	0.960586	0.960586	0.960586	0.960586	0.960586	0.960586	0.960586	0.960586	0.960586	0.960586	0.960586	0.960586	0.960586	
0.960586	0.960586	0.960586	0.960586	0.960586	0.960586	0.960586	0.960586	0.960586	0.960586	0.960586	0.960586	0.960586	0.960586	0.960586	0.960586	0.960586	0.960586	0.960586	0.960586	0.960586	0.960586	0.960586	0.960586	0.960586	0.960586	0.960586	0.960586	0.960586	0.960586	0.960586	0.960586	0.960586	0.960586	0.960586	0.960586	0.960586	0.960586	0.960586	0.960586	0.960586	0.960586	0.960586	0.960586	0.960586	0.960586	0.960586	0.960586	0.960586	0.960586	0.960586	0.960586	0.960586	0.960586	0.960586	0.960586	0.960586	0.960586	0.960586	0.960586	0.960586	0.960586	0.960586	0.960586	0.960586	0.960586	0.960586	0.960586	0.960586	0.960586	0.960586	0.960586	0.960586	0.960586	0.960586	0.960586	0.960586	0.960586	0.960586	0.960586	0.960586	0.960586	0.960586	0.960586	0.960586	0.960586	0.960586	0.960586	0.960586	0.960586	0.960586	0.960586	0.960586	0.960586	0.960586	0.960586	0.960586	0.960586	0.960586	0.960586	0.960586	0.960586	0.960586	0.960586	0.960586	0.960586	0.960586	0.960586	0.960586	0.960586	0.960586	0.960586	0.960586	0.960586	0.960586	0.960586	0.960586	0.960586	0.960586	0.960586	0.960586	0.960586	0.960586	0.960586	0.960586	0.960586	
0.960586	0.960586	0.960586	0.960586	0.960586	0.960586	0.960586	0.960586	0.960586	0.960586	0.960586	0.960586	0.960586	0.960586	0.960586	0.960586	0.960586	0.960586	0.960586	0.960586	0.960586	0.960586	0.960586	0.960586	0.960586	0.960586	0.960586	0.960586	0.960586	0.960586	0.960586	0.960586	0.960586	0.960586	0.960586	0.960586	0.960586	0.960586	0.960586	0.960586	0.960586	0.960586	0.960586	0.960586	0.960586	0.960586	0.960586	0.960586	0.960586	0.960586	0.960586	0.960586	0.960586	0.960586	0.960586	0.960586	0.960586	0.960586	0.960586	0.960586	0.960586	0.960586	0.960586	0.960586	0.960586	0.960586	0.960586	0.960586	0.960586	0.960586	0.960586	0.960586	0.960586	0.960586	0.960586	0.960586	0.960586	0.960586	0.960586	0.960586	0.960586	0.960586	0.960586	0.960586	0.960586	0.960586	0.960586	0.960586	0.960586	0.960586	0.960586	0.960586	0.960586	0.960586	0.960586	0.960586	0.960586	0.960586	0.960586	0.960586	0.960586	0.960586	0.960586	0.960586	0.960586	0.960586	0.960586	0.960586	0.960586	0.960586	0.960586	0.960586	0.960586	0.960586	0.960586	0.960586	0.960586	0.960586	0.960586	0.960586	0.960586	0.960586	0.960586	0.960586	0.960586	0.960586	0.960586	0.960586	0.960586	
0.960586	0.960586	0.960586	0.960586	0.960586	0.960586	0.960586	0.960586	0.960586	0.960586	0.960586	0.960586	0.960586	0.960586	0.960586	0.960586	0.960586	0.960586	0.960586	0.960586	0.960586	0.960586	0.960586	0.960586	0.960586	0.960586	0.960586	0.960586	0.960586	0.960586	0.960586	0.960586	0.960586	0.960586	0.960586	0.960586	0.960586	0.960586	0.960586	0.960586	0.960586	0.960586	0.960586	0.960586	0.960586	0.960586	0.960586	0.960586	0.960586	0.960586	0.960586	0.960586	0.960586	0.960586	0.960586	0.960586	0.960586	0.960586	0.960586	0.960586	0.960586	0.960586	0.960586	0.960586	0.960586	0.960586	0.960586	0.960586	0.960586	0.960586	0.960586	0.960586	0.960586	0.960586	0.960586	0.960586	0.960586	0.960586	0.960586	0.960586	0.960586	0.960586	0.960586	0.960586	0.960586	0.960586	0.960586	0.960586	0.960586	0.960586	0.960586	0.960586	0.960586	0.960586	0.960586	0.960586	0.960586	0.960586	0.960586	0.960586	0.960586	0.960586	0.960586	0.960586	0.960586	0.960586	0.960586	0.960586	0.960586	0.960586	0.960586	0.960586	0.960586	0.960586	0.960586	0.960586	0.960586	0.960586	0.960586	0.960586	0.960586	0.960586	0.960586	0.960586	0.960586	0.960586	0.960586	0.960586	0.960586	0.960586	0.960586	0.960586	
0.960586	0.960586	0.960586	0.960586	0.960586	0.960586	0.960586	0.960586	0.960586	0.960586	0.960586	0.960586	0.960586	0.960586	0.960586	0.960586	0.960586	0.960586	0.960586	0.960586	0.960586	0.960586	0.960586	0.960586	0.960586	0.960586	0.960586	0.960586	0.960586	0.960586	0.960586	0.960586	0.960586	0.960586	0.960586	0.960586	0.960586	0.960586	0.960586	0.960586	0.960586	0.960586	0.960586	0.960586	0.960586	0.960586	0.960586	0.960586	0.960586	0.960586	0.960586	0.960586	0.960586	0.960586	0.960586	0.960586	0.960586	0.960586	0.960586	0.960586	0.960586	0.960586	0.960586	0.960586	0.960586	0.960586	0.960586	0.960586	0.960586	0.960586	0.960586	0.960586	0.960586	0.960586	0.960586	0.960586	0.960586	0.960586	0.960586	0.960586	0.960586	0.960586	0.960586	0.960586	0.960586	0.960586	0.960586	0.960586	0.960586	0.960586	0.960586	0.960586	0.960586	0.960586	0.960586	0.960586	0.960586	0.960586	0.960586	0.960586	0.960586	0.960586	0.960586	0.960586	0.960586	0.960586	0.960586	0.960586	0.960586	0.960586	0.960586	0.960586	0.960586	0.960586	0.960586	0.960586	0.960586	0.960586	0.960586	0.960586	0.960586	0.960586	0.960586	0.960586	0.960586	0.960586	0.960586	0.960586	0.960586	0.960586	0.960586	0.960586	0.960586	0.960586	0.960586	
0.960586	0.960586	0.960586	0.960586	0.960586	0.960586	0.960586	0.960586	0.960586	0.960586	0.960586	0.960586	0.960586	0.960586	0.960586	0.960586	0.960586	0.960586	0.960586	0.960586	0.960586	0.960586	0.960586	0.960586	0.960586	0.960586	0.960586	0.960586	0.960586	0.960586	0.960586	0.960586	0.960586	0.960586	0.960586	0.960586	0.960586	0.960586	0.960586	0.960586	0.960586	0.960586	0.960586	0.960586	0.960586	0.960586	0.960586	0.960586	0.960586	0.960586	0.960586	0.960586	0.960586	0.960586	0.960586	0.960586	0.960586	0.960586	0.960586	0.960586	0.960586	0.960586	0.960586	0.960586	0.960586	0.960586	0.960586	0.960586	0.960586	0.960586	0.960586	0.960586	0.960586	0.960586	0.960586	0.960586	0.960586	0.960586	0.960586	0.960586	0.960586	0.960586	0.960586	0.960586	0.960586	0.960586	0.960586	0.960586	0.960586	0.960586	0.960586	0.960586	0.960586	0.960586	0.960586	0.960586	0.960586	0.960586	0.960586	0.960586	0.960586	0.960586	0.960586	0.960586	0.960586	0.960586	0.960586	0.960586	0.960586	0.960586	0.960586	0.960586	0.960586	0.960586	0.960586	0.960586	0.960586	0.960586	0.960586	0.960586	0.960586	0.960586	0.960586	0.960586	0.960586	0.960586	0.960586	0.960586	0.960586	0.960586	0.960586	0.960586	0.960586	0.960586	0.960586	0.960586	0.960586	0.960586	
0.960586	0.960586	0.960586	0.960586	0.960586	0.960586	0.960586	0.960586	0.960586	0.960586	0.960586	0.960586	0.960586	0.960586	0.960586	0.960586	0.960586	0.960586	0.960586	0.960586	0.960586	0.960586	0.960586	0.960586	0.960586	0.960586	0.960586	0.960586	0.960586	0.960586	0.960586	0.960586	0.960586	0.960586	0.960586	0.960586	0.960586	0.960586	0.960586	0.960586	0.960586	0.960586	0.960586	0.960586	0.960586	0.960586	0.960586	0.960586	0.960586	0.960586	0.960586	0.960586	0.960586	0.960586	0.960586	0.960586	0.960586	0.960586	0.960586	0.960586	0.960586	0.960586	0.960586	0.960586	0.960586	0.960586	0.960586	0.960586	0.960586	0.960586	0.960586	0.960586	0.960586	0.960586	0.960586	0.960586	0.960586	0.960586	0.960586	0.960586	0.960586	0.960586	0.960586	0.960586	0.960586	0.960586	0.960586	0.960586	0.960586	0.960586	0.960586	0.960586	0.960586	0.960586	0.960586	0.960586	0.960586	0.960586	0.960586	0.960586	0.960586	0.960586	0.960586	0.960586	0.960586	0.960586	0.960586	0.960586	0.960586	0.960586	0.960586	0.960586	0.960586	0.960586	0.960586	0.960586	0.960586	0.960586	0.960586	0.960586	0.960586	0.960586	0.960586	0.960586	0.960586	0.960586	0.960586	0.960586	0.960586	0.960586	0.960586	0.960586	0.960586	0.960586	0.960586	0.960586	0.960586	0.960586	0.960586	0.960586	0.960586	
0.960586	0.960586	0.960586	0.960586	0.960586	0.960586	0.960586	0.960586	0.960586	0.960586	0.960586	0.960586	0.960586	0.960586	0.960586	0.960586	0.960586	0.960586	0.960586	0.960586	0.960586	0.960586	0.960586	0.960586	0.960586	0.960586	0.960586	0.960586	0.960586	0.960586	0.960586	0.960586	0.960586	0.960586	0.960586	0.960586	0.960586	0.960586	0.960586	0.960586	0.960586	0.960586	0.960586	0.960586	0.960586	0.960586	0.960586	0.960586	0.960586	0.960586	0.960586	0.960586	0.960586	0.960586	0.960586	0.960586	0.960586	0.960586	0.960586	0.960586	0.960586	0.960586	0.960586	0.960586	0.960586	0.960586	0.960586	0.960586	0.960586	0.960586	0.960586	0.960586	0.960586	0.960586	0.960586	0.960586	0.960586	0.960586	0.960586	0.960586	0.960586	0.960586	0.960586	0.960586	0.960586	0.960586	0.960586	0.960586	0.960586	0.960586	0.960586	0.960586	0.960586	0.960586	0.960586	0.960586	0.960586	0.960586	0.960586	0.960586	0.960586	0.960586	0.960586	0.960586	0.960586	0.960586	0.960586	0.960586	0.960586	0.960586	0.960586	0.960586	0.960586	0.960586	0.960586	0.960586	0.960586	0.960586	0.960586	0.960586	0.960586	0.960586	0.960586	0.960586	0.960586	0.960586	0.960586	0.960586	0.960586	0.960586	0.960586	0.960586	0.960586	0.960586	0.960586	0.960586	0.960586	0.960586	0.960586	0.960586	0.960586	0.960586	0.960586	0.960586	
0.960586	0.960586	0.960586	0.960586	0.960586	0.960586	0.960586	0.960586	0.960586	0.960586	0.960586	0.960586	0.960586	0.960586	0.960586	0.960586	0.960586	0.960586	0.960586	0.960586	0.960586	0.960586	0.960586	0.960586	0.960586	0.960586	0.960586	0.960586	0.960586	0.960586	0.960586	0.960586	0.960586	0.960586	0.960586	0.960586	0.960586	0.960586	0.960586	0.960586	0.960586	0.960586	0.960586	0.960586	0.960586	0.960586	0.960586	0.960586	0.960586	0.960586	0.960586	0.960586	0.960586	0.960586	0.960586	0.960586	0.960586	0.960586	0.960586	0.960586	0.960586	0.960586	0.960586	0.960586	0.960586	0.960586	0.960586	0.960586	0.960586	0.960586	0.960586	0.960586	0.960586	0.960586	0.960586	0.960586	0.960586	0.960586	0.960586	0.960586	0.960586	0.960586	0.960586	0.960586	0.960586	0.960586	0.960586	0.960586	0.960586	0.960586	0.960586	0.960586	0.960586	0.960586	0.960586	0.960586	0.960586	0.960586	0.960586	0.960586	0.960586	0.960586	0.960586	0.960586	0.960586	0.960586	0.960586	0.960586	0.960586	0.960586	0.960586	0.960586	0.960586	0.960586	0.960586	0.960586	0.960586	0.960586	0.960586	0.960586	0.960586	0.960586	0.960586	0.960586	0.960586	0.960586	0.960586	0.960586	0.960586	0.960586	0.960586	0.960586	0.960586	0.960586	0.960586	0.960586	0.960586	0.960586	0.960586	0.960586	0.960586	0.960586	0.960586	0.960586	0.960586	0.960586	
0.960586	0.960586	0.960586	0.960586	0.960586	0.960586	0.960586	0.960586	0.960586	0.960586	0.960586	0.960586	0.960586	0.960586	0.960586	0.960586	0.960586	0.960586	0.960586	0.960586	0.960586	0.960586	0.960586	0.960586	0.960586	0.960586	0.960586	0.960586	0.960586	0.960586	0.960586	0.960586	0.960586	0.960586	0.960586	0.960586	0.960586	0.960586	0.960586	0.960586	0.960586	0.960586	0.960586	0.960586	0.960586	0.960586	0.960586	0.960586	0.960586	0.960586	0.960586	0.960586	0.960586	0.960586	0.960586	0.960586	0.960586	0.960586	0.960586	0.960586	0.960586	0.960586	0.960586	0.960586	0.960586	0.960586	0.960586	0.960586	0.960586	0.960586	0.960586	0.960586	0.960586	0.960586	0.960586	0.960586	0.960586	0.960586	0.960586	0.960586	0.960586	0.960586	0.960586	0.960586	0.960586	0.960586	0.960586	0.960586	0.960586	0.960586	0.960586	0.960586	0.960586	0.960586	0.960586	0.960586	0.960586	0.960586	0.960586	0.960586	0.960586	0.960586	0.960586	0.960586	0.960586	0.960586	0.960586	0.960586	0.960586	0.960586	0.960586	0.960586	0.960586	0.960586	0.960586	0.960586	0.960586	0.960586	0.960586	0.960586	0.960586	0.960586	0.960586	0.960586	0.960586	0.960586	0.960586	0.960586	0.960586	0.960586	0.960586	0.960586	0.960586	0.960586	0.960586	0.960586	0.960586	0.960586	0.960586	0.960586	0.960586	0.960586	0.960586	0.960586	0.960586	0.960586	0.960586	
0.960586	0.960586	0.960586	0.960586	0.960586	0.960586	0.960586	0.960586	0.960586	0.960586	0.960586	0.960586	0.960586	0.960586	0.960586	0.960586	0.960586	0.960586	0.960586	0.960586	0.960586	0.960586	0.960586	0.960586	0.960586	0.960586	0.960586	0.960586	0.960586	0.960586	0.960586	0.960586	0.960586	0.960586	0.960586	0.960586	0.960586	0.960586	0.960586	0.960586	0.960586	0.960586	0.960586	0.960586	0.960586	0.960586	0.960586	0.960586	0.960586	0.960586	0.960586	0.960586	0.960586	0.960586	0.960586	0.960586	0.960586	0.960586	0.960586	0.960586	0.960586	0.960586	0.960586	0.960586	0.960586	0.960586	0.960586	0.960586	0.960586	0.960586	0.960586	0.960586	0.960586	0.960586	0.960586	0.960586	0.960586	0.960586	0.960586	0.960586	0.960586	0.960586	0.960586	0.960586	0.960586	0.960586	0.960586	0.960586	0.960586	0.960586	0.960586	0.960586	0.960586	0.960586	0.960586	0.960586	0.960586	0.960586	0.960586	0.960586	0.960586	0.960586	0.960586	0.960586	0.960586	0.960586	0.960586	0.960586	0.960586	0.960586	0.960586	0.960586	0.960586	0.960586	0.960586	0.960586	0.960586	0.960586	0.960586	0.960586	0.960586	0.960586	0.960586	0.960586	0.960586	0.960586	0.960586	0.960586	0.960586	0.960586	0.960586	0.960586	0.960586	0.960586	0.960586	0.960586	0.960586	0.960586	0.960586	0.960586	0.960586	0.960586	0.960586	0.960586	0.960586	0.960586	0.960586	0.960586	
0.960586	0.960586	0.960586	0.960586	0.960586	0.960586	0.960586	0.960586	0.960586	0.960586	0.960586	0.960586	0.960586	0.960586	0.960586	0.960586	0.960586	0.960586	0.960586	0.960586	0.960586	0.960586	0.960586	0.960586	0.960586	0.960586	0.960586	0.960586	0.960586	0.960586	0.960586	0.960586	0.960586	0.960586	0.960586	0.960586	0.960586	0.960586	0.960586	0.960586	0.960586	0.960586	0.960586	0.960586	0.960586	0.960586	0.960586	0.960586	0.960586	0.960586	0.960586	0.960586	0.960586	0.960586	0.960586	0.960586	0.960586	0.960586	0.960586	0.960586	0.960586	0.960586	0.960586	0.960586	0.960586	0.960586	0.960586	0.960586	0.960586	0.960586	0.960586	0.960586	0.960586	0.960586	0.960586	0.960586	0.960586	0.960586	0.960586	0.960586	0.960586	0.960586	0.960586	0.960586	0.960586	0.960586	0.960586	0.960586	0.960586	0.960586	0.960586	0.960586	0.960586	0.960586	0.960586	0.960586	0.960586	0.960586	0.960586	0.960586	0.960586	0.960586	0.960586	0.960586	0.960586	0.960586	0.960586	0.960586	0.960586	0.960586	0.960586	0.960586	0.960586	0.960586	0.960586	0.960586	0.960586	0.960586	0.960586	0.960586	0.960586	0.960586	0.960586	0.960586	0.960586	0.960586	0.960586	0.960586	0.960586	0.960586	0.960586	0.960586	0.960586	0.960586	0.960586	0.960586	0.960586	0.960586	0.960586	0.960586	0.960586	0.960586	0.960586	0.960586	0.960586	0.960586	0.960586	0.960586	0.960586	
0.960586	0.960586	0.960586	0.960586	0.960586	0.960586	0.960586	0.960586	0.960586	0.960586	0.960586	0.960586	0.960586	0.960586	0.960586	0.960586	0.960586	0.960586	0.960586	0.960586	0.960586	0.960586	0.960586	0.960586	0.960586	0.960586	0.960586	0.960586	0.960586	0.960586	0.960586	0.960586	0.960586	0.960586	0.960586	0.960586	0.960586	0.960586	0.960586	0.960586	0.960586	0.960586	0.960586	0.960586	0.960586	0.960586	0.960586	0.960586	0.960586	0.960586	0.960586	0.960586	0.960586	0.960586	0.960586	0.960586	0.960586	0.960586	0.960586	0.960586	0.960586	0.960586	0.960586	0.960586	0.960586	0.960586	0.960586	0.960586	0.960586	0.960586	0.960586	0.960586	0.960586	0.960586	0.960586	0.960586	0.960586	0.960586	0.960586	0.960586	0.960586	0.960586	0.960586	0.960586	0.960586	0.960586	0.960586	0.960586	0.960586	0.960586	0.960586	0.960586	0.960586	0.960586	0.960586	0.960586	0.960586	0.960586	0.960586	0.960586	0.960586	0.960586	0.960586	0.960586	0.960586	0.960586	0.960586	0.960586	0.960586	0.960586	0.960586	0.960586	0.960586	0.960586	0.960586	0.960586	0.960586	0.960586	0.960586	0.960586	0.960586	0.960586	0.960586	0.960586	0.960586	0.960586	0.960586	0.960586	0.960586	0.960586	0.960586	0.960586	0.960586	0.960586	0.960586	0.960586	0.960586	0.960586	0.960586	0.960586	0.960586	0.960586	0.960586	0.960586	0.960586	0.960586	0.960586	0.960586	0.960586	0.960586	
0.960586	0.960586	0.960586	0.960586	0.960586	0.960586	0.960586	0.960586	0.960586	0.960586	0.960586	0.960586	0.960586	0.960586	0.960586	0.960586	0.960586	0.960586	0.960586	0.960586	0.960586	0.960586	0.960586	0.960586	0.960586	0.960586	0.960586	0.960586	0.960586	0.960586	0.960586	0.960586	0.960586	0.960586	0.960586	0.960586	0.960586	0.960586	0.960586	0.960586	0.960586	0.960586	0.960586	0.960586	0.960586	0.960586	0.960586	0.960586	0.960586	0.960586	0.960586	0.960586	0.960586	0.960586	0.960586	0.960586	0.960586	0.960586	0.960586	0.960586	0.960586	0.960586	0.960586	0.960586	0.960586	0.960586	0.960586	0.960586	0.960586	0.960586	0.960586	0.960586	0.960586	0.960586	0.960586	0.960586	0.960586	0.960586	0.960586	0.960586	0.960586	0.960586	0.960586	0.960586	0.960586	0.960586	0.960586	0.960586	0.960586	0.960586	0.960586	0.960586	0.960586	0.960586	0.960586	0.960586	0.960586	0.960586	0.960586	0.960586	0.960586	0.960586	0.960586	0.960586	0.960586	0.960586	0.960586	0.960586	0.960586	0.960586	0.960586	0.960586	0.960586	0.960586	0.960586	0.960586	0.960586	0.960586	0.960586	0.960586	0.960586	0.960586	0.960586	0.960586	0.960586	0.960586	0.960586	0.960586	0.960586	0.960586	0.960586	0.960586	0.960586	0.960586	0.960586	0.960586	0.960586	0.960586	0.960586	0.960586	0.960586	0.960586	0.960586	0.960586	0.960586	0.960586	0.960586	0.960586	0.960586	0.960586	0.960586	
0.960586	0.960586	0.960586	0.960586	0.960586	0.960586	0.960586	0.960586	0.960586	0.960586	0.960586	0.960586	0.960586	0.960586	0.960586	0.960586	0.960586	0.960586	0.960586	0.960586	0.960586	0.960586	0.960586	0.960586	0.960586	0.960586	0.960586	0.960586	0.960586	0.960586	0.960586	0.960586	0.960586	0.960586	0.960586	0.960586	0.960586	0.960586	0.960586	0.960586	0.960586	0.960586	0.960586	0.960586	0.960586	0.960586	0.960586	0.960586	0.960586	0.960586	0.960586	0.960586	0.960586	0.960586	0.960586	0.960586	0.960586	0.960586	0.960586	0.960586	0.960586	0.960586	0.960586	0.960586	0.960586	0.960586	0.960586	0.960586	0.960586	0.960586	0.960586	0.960586	0.960586	0.960586	0.960586	0.960586	0.960586	0.960586	0.960586	0.960586	0.960586	0.960586	0.960586	0.960586	0.960586	0.960586	0.960586	0.960586	0.960586	0.960586	0.960586	0.960586	0.960586	0.960586	0.960586	0.960586	0.960586	0.960586	0.960586	0.960586	0.960586	0.960586	0.960586	0.960586	0.960586	0.960586	0.960586	0.960586	0.960586	0.960586	0.960586	0.960586	0.960586	0.960586	0.960586	0.960586	0.960586	0.960586	0.960586	0.960586	0.960586	0.960586	0.960586	0.960586	0.960586	0.960586	0.960586	0.960586	0.960586	0.960586	0.960586	0.960586	0.960586	0.960586	0.960586	0.960586	0.960586	0.960586	0.960586	0.960586	0.960586	0.960586	0.960586	0.960586	0.960586	0.960586	0.960586	0.960586	0.960586	0.960586	0.960586	0.960586	
0.960586	0.960586	0.960586	0.960586	0.960586	0.960586	0.960586	0.960586	0.960586	0.960586	0.960586	0.960586	0.960586	0.960586	0.960586	0.960586	0.960586	0.960586	0.960586	0.960586	0.960586	0.960586	0.960586	0.960586	0.960586	0.960586	0.960586	0.960586	0.960586	0.960586	0.960586	0.960586	0.960586	0.960586	0.960586	0.960586	0.960586	0.960586	0.960586	0.960586	0.960586	0.960586	0.960586	0.960586	0.960586	0.960586	0.960586	0.960586	0.960586	0.960586	0.960586	0.960586	0.960586	0.960586	0.960586	0.960586	0.960586	0.960586	0.960586	0.960586	0.960586	0.960586	0.960586	0.960586	0.960586	0.960586	0.960586	0.960586	0.960586	0.960586	0.960586	0.960586	0.960586	0.960586	0.960586	0.960586	0.960586	0.960586	0.960586	0.960586	0.960586	0.960586	0.960586	0.960586	0.960586	0.960586	0.960586	0.960586	0.960586	0.960586	0.960586	0.960586	0.960586	0.960586	0.960586	0.960586	0.960586	0.960586	0.960586	0.960586	0.960586	0.960586	0.960586	0.960586	0.960586	0.960586	0.960586	0.960586	0.960586	0.960586	0.960586	0.960586	0.960586	0.960586	0.960586	0.960586	0.960586	0.960586	0.960586	0.960586	0.960586	0.960586	0.960586	0.960586	0.960586	0.960586	0.960586	0.960586	0.960586	0.960586	0.960586	0.960586	0.960586	0.960586	0.960586	0.960586	0.960586	0.960586	0.960586	0.960586	0.960586	0.960586	0.960586	0.960586	0.960586	0.960586	0.960586	0.960586	0.960586	0.960586	0.960586	0.960586	0.960586	
0.960586	0.960586	0.960586	0.960586	0.960586	0.960586	0.960586	0.960586	0.960586	0.960586	0.960586	0.960586	0.960586	0.960586	0.960586	0.960586	0.960586	0.960586	0.960586	0.960586	0.960586	0.960586	0.960586	0.960586	0.960586	0.960586	0.960586	0.960586	0.960586	0.960586	0.960586	0.960586	0.960586	0.960586	0.960586	0.960586	0.960586	0.960586	0.960586	0.960586	0.960586	0.960586	0.960586	0.960586	0.960586	0.960586	0.960586	0.960586	0.960586	0.960586	0.960586	0.960586	0.960586	0.960586	0.960586	0.960586	0.960586	0.960586	0.960586	0.960586	0.960586	0.960586	0.960586	0.960586	0.960586	0.960586	0.960586	0.960586	0.960586	0.960586	0.960586	0.960586	0.960586	0.960586	0.960586	0.960586	0.960586	0.960586	0.960586	0.960586	0.960586	0.960586	0.960586	0.960586	0.960586	0.960586	0.960586	0.960586	0.960586	0.960586	0.960586	0.960586	0.960586	0.960586	0.960586	0.960586	0.960586	0.960586	0.960586	0.960586	0.960586	0.960586	0.960586	0.960586	0.960586	0.960586	0.960586	0.960586	0.960586	0.960586	0.960586	0.960586	0.960586	0.960586	0.960586	0.960586	0.960586	0.960586	0.960586	0.960586	0.960586	0.960586	0.960586	0.960586	0.960586	0.960586	0.960586	0.960586	0.960586	0.960586	0.960586	0.960586	0.960586	0.960586	0.960586	0.960586	0.960586	0.960586	0.960586	0.960586	0.960586	0.960586	0.960586	0.960586	0.960586	0.960586	0.960586	0.960586	0.960586	0.960586	0.960586	0.960586	0.960586	0.960586	
0.960586	0.960586	0.960586	0.960586	0.960586	0.960586	0.960586	0.960586	0.960586	0.960586	0.960586	0.960586	0.960586	0.960586	0.960586	0.960586	0.960586	0.960586	0.960586	0.960586	0.960586	0.960586	0.960586	0.960586	0.960586	0.960586	0.960586	0.960586	0.960586	0.960586	0.960586	0.960586	0.960586	0.960586	0.960586	0.960586	0.960586	0.960586	0.960586	0.960586	0.960586	0.960586	0.960586	0.960586	0.960586	0.960586	0.960586	0.960586	0.960586	0.960586	0.960586	0.960586	0.960586	0.960586	0.960586	0.960586	0.960586	0.960586	0.960586	0.960586	0.960586	0.960586	0.960586	0.960586	0.960586	0.960586	0.960586	0.960586	0.960586	0.960586	0.960586	0.960586	0.960586	0.960586	0.960586	0.960586	0.960586	0.960586	0.960586	0.960586	0.960586	0.960586	0.960586	0.960586	0.960586	0.960586	0.960586	0.960586	0.960586	0.960586	0.960586	0.960586	0.960586	0.960586	0.960586	0.960586	0.960586	0.960586	0.960586	0.960586	0.960586	0.960586	0.960586	0.960586	0.960586	0.960586	0.960586	0.960586	0.960586	0.960586	0.960586	0.960586	0.960586	0.960586	0.960586	0.960586	0.960586	0.960586	0.960586	0.960586	0.960586	0.960586	0.960586	0.960586	0.960586	0.960586	0.960586	0.960586	0.960586	0.960586	0.960586	0.960586	0.960586	0.960586	0.960586	0.960586	0.960586	0.960586	0.960586	0.960586	0.960586	0.960586	0.960586	0.960586	0.960586	0.960586	0.960586	0.960586	0.960586	0.960586	0.960586	0.960586	0.960586	0.960586	0.960586	
0.960586	0.960586	0.960586	0.960586	0.960586	0.960586	0.960586	0.960586	0.960586	0.960586	0.960586	0.960586	0.960586	0.960586	0.960586	0.960586	0.960586	0.960586	0.960586	0.960586	0.960586	0.960586	0.960586	0.960586	0.960586	0.960586	0.960586	0.960586	0.960586	0.960586	0.960586	0.960586	0.960586	0.960586	0.960586	0.960586	0.960586	0.960586	0.960586	0.960586	0.960586	0.960586	0.960586	0.960586	0.960586	0.960586	0.960586	0.960586	0.960586	0.960586	0.960586	0.960586	0.960586	0.960586	0.960586	0.960586	0.960586	0.960586	0.960586	0.960586	0.960586	0.960586	0.960586	0.960586	0.960586	0.960586	0.960586	0.960586	0.960586	0.960586	0.960586	0.960586	0.960586	0.960586	0.960586	0.960586	0.960586	0.960586	0.960586	0.960586	0.960586	0.960586	0.960586	0.960586	0.960586	0.960586	0.960586	0.960586	0.960586	0.960586	0.960586	0.960586	0.960586	0.960586	0.960586	0.960586	0.960586	0.960586	0.960586	0.960586	0.960586	0.960586	0.960586	0.960586	0.960586	0.960586	0.960586	0.960586	0.960586	0.960586	0.960586	0.960586	0.960586	0.960586	0.960586	0.960586	0.960586	0.960586	0.960586	0.960586	0.960586	0.960586	0.960586	0.960586	0.960586	0.960586	0.960586	0.960586	0.960586	0.960586	0.960586	0.960586	0.960586	0.960586	0.960586	0.960586	0.960586	0.960586	0.960586	0.960586	0.960586	0.960586	0.960586	0.960586	0.960586	0.960586	0.960586	0.960586	0.960586	0.960586	0.960586	0.960586	0.960586	0.960586	0.960586	0.960586	
0.960586	0.960586	0.960586	0.960586	0.960586	0.960586	0.960586	0.960586	0.960586	0.960586	0.960586	0.960586	0.960586	0.960586	0.960586	0.960586	0.960586	0.960586	0.960586	0.960586	0.960586	0.960586	0.960586	0.960586	0.960586	0.960586	0.960586	0.960586	0.960586	0.960586	0.960586	0.960586	0.960586	0.960586	0.960586	0.960586	0.960586	0.960586	0.960586	0.960586	0.960586	0.960586	0.960586	0.960586	0.960586	0.960586	0.960586	0.960586	0.960586	0.960586	0.960586	0.960586	0.960586	0.960586	0.960586	0.960586	0.960586	0.960586	0.960586	0.960586	0.960586	0.960586	0.960586	0.960586	0.960586	0.960586	0.960586	0.960586	0.960586	0.960586	0.960586	0.960586	0.960586	0.960586	0.960586	0.960586	0.960586	0.960586	0.960586	0.960586	0.960586	0.960586	0.960586	0.960586	0.960586	0.960586	0.960586	0.960586	0.960586	0.960586	0.960586	0.960586	0.960586	0.960586	0.960586	0.960586	0.960586	0.960586	0.960586	0.960586	0.960586	0.960586	0.960586	0.960586	0.960586	0.960586	0.960586	0.960586	0.960586	0.960586	0.960586	0.960586	0.960586	0.960586	0.960586	0.960586	0.960586	0.960586	0.960586	0.960586	0.960586	0.960586	0.960586	0.960586	0.960586	0.960586	0.960586	0.960586	0.960586	0.960586	0.960586	0.960586	0.960586	0.960586	0.960586	0.960586	0.960586	0.960586	0.960586	0.960586	0.960586	0.960586	0.960586	0.960586	0.960586	0.960586	0.960586	0.960586	0.960586	0.960586	0.960586	0.960586	0.960586	0.960586	0.960586	0.960586	0.960586	
0.960586	0.960586	0.960586	0.960586	0.960586	0.960586	0.960586	0.960586	0.960586	0.960586	0.960586	0.960586	0.960586	0.960586	0.960586	0.960586	0.960586	0.960586	0.960586	0.960586	0.960586	0.960586	0.960586	0.960586	0.960586	0.960586	0.960586	0.960586	0.960586	0.960586	0.960586	0.960586	0.960586	0.960586	0.960586	0.960586	0.960586	0.960586	0.960586	0.960586	0.960586	0.960586	0.960586	0.960586	0.960586	0.960586	0.960586	0.960586	0.960586	0.960586	0.960586	0.960586	0.960586	0.960586	0.960586	0.960586	0.960586	0.960586	0.960586	0.960586	0.960586	0.960586	0.960586	0.960586	0.960586	0.960586	0.960586	0.960586	0.960586	0.960586	0.960586	0.960586	0.960586	0.960586	0.960586	0.960586	0.960586	0.960586	0.960586	0.960586	0.960586	0.960586	0.960586	0.960586	0.960586	0.960586	0.960586	0.960586	0.960586	0.960586	0.960586	0.960586	0.960586	0.960586	0.960586	0.960586	0.960586	0.960586	0.960586	0.960586	0.960586	0.960586	0.960586	0.960586	0.960586	0.960586	0.960586	0.960586	0.960586	0.960586	0.960586	0.960586	0.960586	0.960586	0.960586	0.960586	0.960586	0.960586	0.960586	0.960586	0.960586	0.960586	0.960586	0.960586	0.960586	0.960586	0.960586	0.960586	0.960586	0.960586	0.960586	0.960586	0.960586	0.960586	0.960586	0.960586	0.960586	0.960586	0.960586	0.960586	0.960586	0.960586	0.960586	0.960586	0.960586	0.960586	0.960586	0.960586	0.960586	0.960586	0.960586	0.960586	0.960586	0.960586	0.960586	0.960586	0.960586	0.960586	
0.960586	0.960586	0.960586	0.960586	0.960586	0.960586	0.960586	0.960586	0.960586	0.960586	0.960586	0.960586	0.960586	0.960586	0.960586	0.960586	0.960586	0.960586	0.960586	0.960586	0.960586	0.960586	0.960586	0.960586	0.960586	0.960586	0.960586	0.960586	0.960586	0.960586	0.960586	0.960586	0.960586	0.960586	0.960586	0.960586	0.960586	0.960586	0.960586	0.960586	0.960586	0.960586	0.960586	0.960586	0.960586	0.960586	0.960586	0.960586	0.960586	0.960586	0.960586	0.960586	0.960586	0.960586	0.960586	0.960586	0.960586	0.960586	0.960586	0.960586	0.960586	0.960586	0.960586	0.960586	0.960586	0.960586	0.960586	0.960586	0.960586	0.960586	0.960586	0.960586	0.960586	0.960586	0.960586	0.960586	0.960586	0.960586	0.960586	0.960586	0.960586	0.960586	0.960586	0.960586	0.960586	0.960586	0.960586	0.960586	0.960586	0.960586	0.960586	0.960586	0.960586	0.960586	0.960586	0.960586	0.960586	0.960586	0.960586	0.960586	0.960586	0.960586	0.960586	0.960586	0.960586	0.960586	0.960586	0.960586	0.960586	0.960586	0.960586	0.960586	0.960586	0.960586	0.960586	0.960586	0.960586	0.960586	0.960586	0.960586	0.960586	0.960586	0.960586	0.960586	0.960586	0.960586	0.960586	0.960586	0.960586	0.960586	0.960586	0.960586	0.960586	0.960586	0.960586	0.960586	0.960586	0.960586	0.960586	0.960586	0.960586	0.960586	0.960586	0.960586	0.960586	0.960586	0.960586	0.960586	0.960586	0.960586	0.960586	0.960586	0.960586	0.960586	0.960586	0.960586	0.960586	0.960586	0.960586	
0.960586	0.960586	0.960586	0.960586	0.960586	0.960586	0.960586	0.960586	0.960586	0.960586	0.960586	0.960586	0.960586	0.960586	0.960586	0.960586	0.960586	0.960586	0.960586	0.960586	0.960586	0.960586	0.960586	0.960586	0.960586	0.960586	0.960586	0.960586	0.960586	0.960586	0.960586	0.960586	0.960586	0.960586	0.960586	0.960586	0.960586	0.960586	0.960586	0.960586	0.960586	0.960586	0.960586	0.960586	0.960586	0.960586	0.960586	0.960586	0.960586	0.960586	0.960586	0.960586	0.960586	0.960586	0.960586	0.960586	0.960586	0.960586	0.960586	0.960586	0.960586	0.960586	0.960586	0.960586	0.960586	0.960586	0.960586	0.960586	0.960586	0.960586	0.960586	0.960586	0.960586	0.960586	0.960586	0.960586	0.960586	0.960586	0.960586	0.960586	0.960586	0.960586	0.960586	0.960586	0.960586	0.960586	0.960586	0.960586	0.960586	0.960586	0.960586	0.960586	0.960586	0.960586	0.960586	0.960586	0.960586	0.960586	0.960586	0.960586	0.960586	0.960586	0.960586	0.960586	0.960586	0.960586	0.960586	0.960586	0.960586	0.960586	0.960586	0.960586	0.960586	0.960586	0.960586	0.960586	0.960586	0.960586	0.960586	0.960586	0.960586	0.960586	0.960586	0.960586	0.960586	0.960586	0.960586	0.960586	0.960586	0.960586	0.960586	0.960586	0.960586	0.960586	0.960586	0.960586	0.960586	0.960586	0.960586	0.960586	0.960586	0.960586	0.960586	0.960586	0.960586	0.960586	0.960586	0.960586	0.960586	0.960586	0.960586	0.960586	0.960586	0.960586	0.960586	0.960586	0.960586	0.960586	0.960586	0.960586	
0.960586	0.960586	0.960586	0.960586	0.960586	0.960586	0.960586	0.960586	0.960586	0.960586	0.960586	0.960586	0.960586	0.960586	0.960586	0.960586	0.960586	0.960586	0.960586	0.960586	0.960586	0.960586	0.960586	0.960586	0.960586	0.960586	0.960586	0.960586	0.960586	0.960586	0.960586	0.960586	0.960586	0.960586	0.960586	0.960586	0.960586	0.960586	0.960586	0.960586	0.960586	0.960586	0.960586	0.960586	0.960586	0.960586	0.960586	0.960586	0.960586	0.960586	0.960586	0.960586	0.960586	0.960586	0.960586	0.960586	0.960586	0.960586	0.960586	0.960586	0.960586	0.960586	0.960586	0.960586	0.960586	0.960586	0.960586	0.960586	0.960586	0.960586	0.960586	0.960586	0.960586	0.960586	0.960586	0.960586	0.960586	0.960586	0.960586	0.960586	0.960586	0.960586	0.960586	0.960586	0.960586	0.960586	0.960586	0.960586	0.960586	0.960586	0.960586	0.960586	0.960586	0.960586	0.960586	0.960586	0.960586	0.960586	0.960586	0.960586	0.960586	0.960586	0.960586	0.960586	0.960586	0.960586	0.960586	0.960586	0.960586	0.960586	0.960586	0.960586	0.960586	0.960586	0.960586	0.960586	0.960586	0.960586	0.960586	0.960586	0.960586	0.960586	0.960586	0.960586	0.960586	0.960586	0.960586	0.960586	0.960586	0.960586	0.960586	0.960586	0.960586	0.960586	0.960586	0.960586	0.960586	0.960586	0.960586	0.960586	0.960586	0.960586	0.960586	0.960586	0.960586	0.960586	0.960586	0.960586	0.960586	0.960586	0.960586	0.960586	0.960586	0.960586	0.960586	0.960586	0.960586	0.960586	0.960586	0.960586	0.960586	
0.960586	0.960586	0.960586	0.960586	0.960586	0.960586	0.960586	0.960586	0.960586	0.960586	0.960586	0.960586	0.960586	0.960586	0.960586	0.960586	0.960586	0.960586	0.960586	0.960586	0.960586	0.960586	0.960586	0.960586	0.960586	0.960586	0.960586	0.960586	0.960586	0.960586	0.960586	0.960586	0.960586	0.960586	0.960586	0.960586	0.960586	0.960586	0.960586	0.960586	0.960586	0.960586	0.960586	0.960586	0.960586	0.960586	0.960586	0.960586	0.960586	0.960586	0.960586	0.960586	0.960586	0.960586	0.960586	0.960586	0.960586	0.960586	0.960586	0.960586	0.960586	0.960586	0.960586	0.960586	0.960586	0.960586	0.960586	0.960586	0.960586	0.960586	0.960586	0.960586	0.960586	0.960586	0.960586	0.960586	0.960586	0.960586	0.960586	0.960586	0.960586	0.960586	0.960586	0.960586	0.960586	0.960586	0.960586	0.960586	0.960586	0.960586	0.960586	0.960586	0.960586	0.960586	0.960586	0.960586	0.960586	0.960586	0.960586	0.960586	0.960586	0.960586	0.960586	0.960586	0.960586	0.960586	0.960586	0.960586	0.960586	0.960586	0.960586	0.960586	0.960586	0.960586	0.960586	0.960586	0.960586	0.960586	0.960586	0.960586	0.960586	0.960586	0.960586	0.960586	0.960586	0.960586	0.960586	0.960586	0.960586	0.960586	0.960586	0.960586	0.960586	0.960586	0.960586	0.960586	0.960586	0.960586	0.960586	0.960586	0.960586	0.960586	0.960586	0.960586	0.960586	0.960586	0.960586	0.960586	0.960586	0.960586	0.960586	0.960586	0.960586	0.960586	0.960586	0.960586	0.960586	0.960586	0.960586	0.960586	0.960586	0.960586	
0.960586	0.960586	0.960586	0.960586	0.960586	0.960586	0.960586	0.960586	0.960586	0.960586	0.960586	0.960586	0.960586	0.960586	0.960586	0.960586	0.960586	0.960586	0.960586	0.960586	0.960586	0.960586	0.960586	0.960586	0.960586	0.960586	0.960586	0.960586	0.960586	0.960586	0.960586	0.960586	0.960586	0.960586	0.960586	0.960586	0.960586	0.960586	0.960586	0.960586	0.960586	0.960586	0.960586	0.960586	0.960586	0.960586	0.960586	0.960586	0.960586	0.960586	0.960586	0.960586	0.960586	0.960586	0.960586	0.960586	0.960586	0.960586	0.960586	0.960586	0.960586	0.960586	0.960586	0.960586	0.960586	0.960586	0.960586	0.960586	0.960586	0.960586	0.960586	0.960586	0.960586	0.960586	0.960586	0.960586	0.960586	0.960586	0.960586	0.960586	0.960586	0.960586	0.960586	0.960586	0.960586	0.960586	0.960586	0.960586	0.960586	0.960586	0.960586	0.960586	0.960586	0.960586	0.960586	0.960586	0.960586	0.960586	0.960586	0.960586	0.960586	0.960586	0.960586	0.960586	0.960586	0.960586	0.960586	0.960586	0.960586	0.960586	0.960586	0.960586	0.960586	0.960586	0.960586	0.960586	0.960586	0.960586	0.960586	0.960586	0.960586	0.960586	0.960586	0.960586	0.960586	0.960586	0.960586	0.960586	0.960586	0.960586	0.960586	0.960586	0.960586	0.960586	0.960586	0.960586	0.960586	0.960586	0.960586	0.960586	0.960586	0.960586	0.960586	0.960586	0.960586	0.960586	0.960586	0.960586	0.960586	0.960586	0.960586	0.960586	0.960586	0.960586	0.960586	0.960586	0.960586	0.960586	0.960586	0.960586	0.960586	0.960586	0.960586	
0.960586	0.960586	0.960586	0.960586	0.960586	0.960586	0.960586	0.960586	0.960586	0.960586	0.960586	0.960586	0.960586	0.960586	0.960586	0.960586	0.960586	0.960586	0.960586	0.960586	0.960586	0.960586	0.960586	0.960586	0.960586	0.960586	0.960586	0.960586	0.960586	0.960586	0.960586	0.960586	0.960586	0.960586	0.960586	0.960586	0.960586	0.960586	0.960586	0.960586	0.960586	0.960586	0.960586	0.960586	0.960586	0.960586	0.960586	0.960586	0.960586	0.960586	0.960586	0.960586	0.960586	0.960586	0.960586	0.960586	0.960586	0.960586	0.960586	0.960586	0.960586	0.960586	0.960586	0.960586	0.960586	0.960586	0.960586	0.960586	0.960586	0.960586	0.960586	0.960586	0.960586	0.960586	0.960586	0.960586	0.960586	0.960586	0.960586	0.960586	0.960586	0.960586	0.960586	0.960586	0.960586	0.960586	0.960586	0.960586	0.960586	0.960586	0.960586	0.960586	0.960586	0.960586	0.960586	0.960586	0.960586	0.960586	0.960586	0.960586	0.960586	0.960586	0.960586	0.960586	0.960586	0.960586	0.960586	0.960586	0.960586	0.960586	0.960586	0.960586	0.960586	0.960586	0.960586	0.960586	0.960586	0.960586	0.960586	0.960586	0.960586	0.960586	0.960586	0.960586	0.960586	0.960586	0.960586	0.960586	0.960586	0.960586	0.960586	0.960586	0.960586	0.960586	0.960586	0.960586	0.960586	0.960586	0.960586	0.960586	0.960586	0.960586	0.960586	0.960586	0.960586	0.960586	0.960586	0.960586	0.960586	0.960586	0.960586	0.960586	0.960586	0.960586	0.960586	0.960586	0.960586	0.960586	0.960586	0.960586	0.960586	0.960586	0.960586	0.960586	
0.960586	0.960586	0.960586	0.960586	0.960586	0.960586	0.960586	0.960586	0.960586	0.960586	0.960586	0.960586	0.960586	0.960586	0.960586	0.960586	0.960586	0.960586	0.960586	0.960586	0.960586	0.960586	0.960586	0.960586	0.960586	0.960586	0.960586	0.960586	0.960586	0.960586	0.960586	0.960586	0.960586	0.960586	0.960586	0.960586	0.960586	0.960586	0.960586	0.960586	0.960586	0.960586	0.960586	0.960586	0.960586	0.960586	0.960586	0.960586	0.960586	0.960586	0.960586	0.960586	0.960586	0.960586	0.960586	0.960586	0.960586	0.960586	0.960586	0.960586	0.960586	0.960586	0.960586	0.960586	0.960586	0.960586	0.960586	0.960586	0.960586	0.960586	0.960586	0.960586	0.960586	0.960586	0.960586	0.960586	0.960586	0.960586	0.960586	0.960586	0.960586	0.960586	0.960586	0.960586	0.960586	0.960586	0.960586	0.960586	0.960586	0.960586	0.960586	0.960586	0.960586	0.960586	0.960586	0.960586	0.960586	0.960586	0.960586	0.960586	0.960586	0.960586	0.960586	0.960586	0.960586	0.960586	0.960586	0.960586	0.960586	0.960586	0.960586	0.960586	0.960586	0.960586	0.960586	0.960586	0.960586	0.960586	0.960586	0.960586	0.960586	0.960586	0.960586	0.960586	0.960586	0.960586	0.960586	0.960586	0.960586	0.960586	0.960586	0.960586	0.960586	0.960586	0.960586	0.960586	0.960586	0.960586	0.960586	0.960586	0.960586	0.960586	0.960586	0.960586	0.960586	0.960586	0.960586	0.960586	0.960586	0.960586	0.960586	0.960586	0.960586	0.960586	0.960586	0.960586	0.960586	0.960586	0.960586	0.960586	0.960586	0.960586	0.960586	0.960586	0.960586	
0.960586	0.960586	0.960586	0.960586	0.960586	0.960586	0.960586	0.960586	0.960586	0.960586	0.960586	0.960586	0.960586	0.960586	0.960586	0.960586	0.960586	0.960586	0.960586	0.960586	0.960586	0.960586	0.960586	0.960586	0.960586	0.960586	0.960586	0.960586	0.960586	0.960586	0.960586	0.960586	0.960586	0.960586	0.960586	0.960586	0.960586	0.960586	0.960586	0.960586	0.960586	0.960586	0.960586	0.960586	0.960586	0.960586	0.960586	0.960586	0.960586	0.960586	0.960586	0.960586	0.960586	0.960586	0.960586	0.960586	0.960586	0.960586	0.960586	0.960586	0.960586	0.960586	0.960586	0.960586	0.960586	0.960586	0.960586	0.960586	0.960586	0.960586	0.960586	0.960586	0.960586	0.960586	0.960586	0.960586	0.960586	0.960586	0.960586	0.960586	0.960586	0.960586	0.960586	0.960586	0.960586	0.960586	0.960586	0.960586	0.960586	0.960586	0.960586	0.960586	0.960586	0.960586	0.960586	0.960586	0.960586	0.960586	0.960586	0.960586	0.960586	0.960586	0.960586	0.960586	0.960586	0.960586	0.960586	0.960586	0.960586	0.960586	0.960586	0.960586	0.960586	0.960586	0.960586	0.960586	0.960586	0.960586	0.960586	0.960586	0.960586	0.960586	0.960586	0.960586	0.960586	0.960586	0.960586	0.960586	0.960586	0.960586	0.960586	0.960586	0.960586	0.960586	0.960586	0.960586	0.960586	0.960586	0.960586	0.960586	0.960586	0.960586	0.960586	0.960586	0.960586	0.960586	0.960586	0.960586	0.960586	0.960586	0.960586	0.960586	0.960586	0.960586	0.960586	0.960586	0.960586	0.960586	0.960586	0.960586	0.960586	0.960586	0.960586	0.960586	0.960586	0.960586	
0.960586	0.960586	0.960586	0.960586	0.960586	0.960586	0.960586	0.960586	0.960586	0.960586	0.960586	0.960586	0.960586	0.960586	0.960586	0.960586	0.960586	0.960586	0.960586	0.960586	0.960586	0.960586	0.960586	0.960586	0.960586	0.960586	0.960586	0.960586	0.960586	0.960586	0.960586	0.960586	0.960586	0.960586	0.960586	0.960586	0.960586	0.960586	0.960586	0.960586	0.960586	0.960586	0.960586	0.960586	0.960586	0.960586	0.960586	0.960586	0.960586	0.960586	0.960586	0.960586	0.960586	0.960586	0.960586	0.960586	0.960586	0.960586	0.960586	0.960586	0.960586	0.960586	0.960586	0.960586	0.960586	0.960586	0.960586	0.960586	0.960586	0.960586	0.960586	0.960586	0.960586	0.960586	0.960586	0.960586	0.960586	0.960586	0.960586	0.960586	0.960586	0.960586	0.960586	0.960586	0.960586	0.960586	0.960586	0.960586	0.960586	0.960586	0.960586	0.960586	0.960586	0.960586	0.960586	0.960586	0.960586	0.960586	0.960586	0.960586	0.960586	0.960586	0.960586	0.960586	0.960586	0.960586	0.960586	0.960586	0.960586	0.960586	0.960586	0.960586	0.960586	0.960586	0.960586	0.960586	0.960586	0.960586	0.960586	0.960586	0.960586	0.960586	0.960586	0.960586	0.960586	0.960586	0.960586	0.960586	0.960586	0.960586	0.960586	0.960586	0.960586	0.960586	0.960586	0.960586	0.960586	0.960586	0.960586	0.960586	0.960586	0.960586	0.960586	0.960586	0.960586	0.960586	0.960586	0.960586	0.960586	0.960586	0.960586	0.960586	0.960586	0.960586	0.960586	0.960586	0.960586	0.960586	0.960586	0.960586	0.960586	0.960586	0.960586	0.960586	0.960586	0.960586	0.960586	
0.960586	0.960586	0.960586	0.960586	0.960586	0.960586	0.960586	0.960586	0.960586	0.960586	0.960586	0.960586	0.960586	0.960586	0.960586	0.960586	0.960586	0.960586	0.960586	0.960586	0.960586	0.960586	0.960586	0.960586	0.960586	0.960586	0.960586	0.960586	0.960586	0.960586	0.960586	0.960586	0.960586	0.960586	0.960586	0.960586	0.960586	0.960586	0.960586	0.960586	0.960586	0.960586	0.960586	0.960586	0.960586	0.960586	0.960586	0.960586	0.960586	0.960586	0.960586	0.960586	0.960586	0.960586	0.960586	0.960586	0.960586	0.960586	0.960586	0.960586	0.960586	0.960586	0.960586	0.960586	0.960586	0.960586	0.960586	0.960586	0.960586	0.960586	0.960586	0.960586	0.960586	0.960586	0.960586	0.960586	0.960586	0.960586	0.960586	0.960586	0.960586	0.960586	0.960586	0.960586	0.960586	0.960586	0.960586	0.960586	0.960586	0.960586	0.960586	0.960586	0.960586	0.960586	0.960586	0.960586	0.960586	0.960586	0.960586	0.960586	0.960586	0.960586	0.960586	0.960586	0.960586	0.960586	0.960586	0.960586	0.960586	0.960586	0.960586	0.960586	0.960586	0.960586	0.960586	0.960586	0.960586	0.960586	0.960586	0.960586	0.960586	0.960586	0.960586	0.960586	0.960586	0.960586	0.960586	0.960586	0.960586	0.960586	0.960586	0.960586	0.960586	0.960586	0.960586	0.960586	0.960586	0.960586	0.960586	0.960586	0.960586	0.960586	0.960586	0.960586	0.960586	0.960586	0.960586	0.960586	0.960586	0.960586	0.960586	0.960586	0.960586	0.960586	0.960586	0.960586	0.960586	0.960586	0.960586	0.960586	0.960586	0.960586	0.960586	0.960586	0.960586	0.960586	0.960586	0.960586	
0.960586	0.960586	0.960586	0.960586	0.960586	0.960586	0.960586	0.960586	0.960586	0.960586	0.960586	0.960586	0.960586	0.960586	0.960586	0.960586	0.960586	0.960586	0.960586	0.960586	0.960586	0.960586	0.960586	0.960586	0.960586	0.960586	0.960586	0.960586	0.960586	0.960586	0.960586	0.960586	0.960586	0.960586	0.960586	0.960586	0.960586	0.960586	0.960586	0.960586	0.960586	0.960586	0.960586	0.960586	0.960586	0.960586	0.960586	0.960586	0.960586	0.960586	0.960586	0.960586	0.960586	0.960586	0.960586	0.960586	0.960586	0.960586	0.960586	0.960586	0.960586	0.960586	0.960586	0.960586	0.960586	0.960586	0.960586	0.960586	0.960586	0.960586	0.960586	0.960586	0.960586	0.960586	0.960586	0.960586	0.960586	0.960586	0.960586	0.960586	0.960586	0.960586	0.960586	0.960586	0.960586	0.960586	0.960586	0.960586	0.960586	0.960586	0.960586	0.960586	0.960586	0.960586	0.960586	0.960586	0.960586	0.960586	0.960586	0.960586	0.960586	0.960586	0.960586	0.960586	0.960586	0.960586	0.960586	0.960586	0.960586	0.960586	0.960586	0.960586	0.960586	0.960586	0.960586	0.960586	0.960586	0.960586	0.960586	0.960586	0.960586	0.960586	0.960586	0.960586	0.960586	0.960586	0.960586	0.960586	0.960586	0.960586	0.960586	0.960586	0.960586	0.960586	0.960586	0.960586	0.960586	0.960586	0.960586	0.960586	0.960586	0.960586	0.960586	0.960586	0.960586	0.960586	0.960586	0.960586	0.960586	0.960586	0.960586	0.960586	0.960586	0.960586	0.960586	0.960586	0.960586	0.960586	0.960586	0.960586	0.960586	0.960586	0.960586	0.960586	0.960586	0.960586	0.960586	0.960586	0.960586	
0.960586	0.960586	0.960586	0.960586	0.960586	0.960586	0.960586	0.960586	0.960586	0.960586	0.960586	0.960586	0.960586	0.960586	0.960586	0.960586	0.960586	0.960586	0.960586	0.960586	0.960586	0.960586	0.960586	0.960586	0.960586	0.960586	0.960586	0.960586	0.960586	0.960586	0.960586	0.960586	0.960586	0.960586	0.960586	0.960586	0.960586	0.960586	0.960586	0.960586	0.960586	0.960586	0.960586	0.960586	0.960586	0.960586	0.960586	0.960586	0.960586	0.960586	0.960586	0.960586	0.960586	0.960586	0.960586	0.960586	0.960586	0.960586	0.960586	0.960586	0.960586	0.960586	0.960586	0.960586	0.960586	0.960586	0.960586	0.960586	0.960586	0.960586	0.960586	0.960586	0.960586	0.960586	0.960586	0.960586	0.960586	0.960586	0.960586	0.960586	0.960586	0.960586	0.960586	0.960586	0.960586	0.960586	0.960586	0.960586	0.960586	0.960586	0.960586	0.960586	0.960586	0.960586	0.960586	0.960586	0.960586	0.960586	0.960586	0.960586	0.960586	0.960586	0.960586	0.960586	0.960586	0.960586	0.960586	0.960586	0.960586	0.960586	0.960586	0.960586	0.960586	0.960586	0.960586	0.960586	0.960586	0.960586	0.960586	0.960586	0.960586	0.960586	0.960586	0.960586	0.960586	0.960586	0.960586	0.960586	0.960586	0.960586	0.960586	0.960586	0.960586	0.960586	0.960586	0.960586	0.960586	0.960586	0.960586	0.960586	0.960586	0.960586	0.960586	0.960586	0.960586	0.960586	0.960586	0.960586	0.960586	0.960586	0.960586	0.960586	0.960586	0.960586	0.960586	0.960586	0.960586	0.960586	0.960586	0.960586	0.960586	0.960586	0.960586	0.960586	0.960586	0.960586	0.960586	0.960586	0.960586	0.960586	
0.960586	0.960586	0.960586	0.960586	0.960586	0.960586	0.960586	0.960586	0.960586	0.960586	0.960586	0.960586	0.960586	0.960586	0.960586	0.960586	0.960586	0.960586	0.960586	0.960586	0.960586	0.960586	0.960586	0.960586	0.960586	0.960586	0.960586	0.960586	0.960586	0.960586	0.960586	0.960586	0.960586	0.960586	0.960586	0.960586	0.960586	0.960586	0.960586	0.960586	0.960586	0.960586	0.960586	0.960586	0.960586	0.960586	0.960586	0.960586	0.960586	0.960586	0.960586	0.960586	0.960586	0.960586	0.960586	0.960586	0.960586	0.960586	0.960586	0.960586	0.960586	0.960586	0.960586	0.960586	0.960586	0.960586	0.960586	0.960586	0.960586	0.960586	0.960586	0.960586	0.960586	0.960586	0.960586	0.960586	0.960586	0.960586	0.960586	0.960586	0.960586	0.960586	0.960586	0.960586	0.960586	0.960586	0.960586	0.960586	0.960586	0.960586	0.960586	0.960586	0.960586	0.960586	0.960586	0.960586	0.960586	0.960586	0.960586	0.960586	0.960586	0.960586	0.960586	0.960586	0.960586	0.960586	0.960586	0.960586	0.960586	0.960586	0.960586	0.960586	0.960586	0.960586	0.960586	0.960586	0.960586	0.960586	0.960586	0.960586	0.960586	0.960586	0.960586	0.960586	0.960586	0.960586	0.960586	0.960586	0.960586	0.960586	0.960586	0.960586	0.960586	0.960586	0.960586	0.960586	0.960586	0.960586	0.960586	0.960586	0.960586	0.960586	0.960586	0.960586	0.960586	0.960586	0.960586	0.960586	0.960586	0.960586	0.960586	0.960586	0.960586	0.960586	0.960586	0.960586	0.960586	0.960586	0.960586	0.960586	0.960586	0.960586	0.960586	0.960586	0.960586	0.960586	0.960586	0.960586	0.960586	0.960586	0.960586	
0.960586	0.960586	0.960586	0.960586	0.960586	0.960586	0.960586	0.960586	0.960586	0.960586	0.960586	0.960586	0.960586	0.960586	0.960586	0.960586	0.960586	0.960586	0.960586	0.960586	0.960586	0.960586	0.960586	0.960586	0.960586	0.960586	0.960586	0.960586	0.960586	0.960586	0.960586	0.960586	0.960586	0.960586	0.960586	0.960586	0.960586	0.960586	0.960586	0.960586	0.960586	0.960586	0.960586	0.960586	0.960586	0.960586	0.960586	0.960586	0.960586	0.960586	0.960586	0.960586	0.960586	0.960586	0.960586	0.960586	0.960586	0.960586	0.960586	0.960586	0.960586	0.960586	0.960586	0.960586	0.960586	0.960586	0.960586	0.960586	0.960586	0.960586	0.960586	0.960586	0.960586	0.960586	0.960586	0.960586	0.960586	0.960586	0.960586	0.960586	0.960586	0.960586	0.960586	0.960586	0.960586	0.960586	0.960586	0.960586	0.960586	0.960586	0.960586	0.960586	0.960586	0.960586	0.960586	0.960586	0.960586	0.960586	0.960586	0.960586	0.960586	0.960586	0.960586	0.960586	0.960586	0.960586	0.960586	0.960586	0.960586	0.960586	0.960586	0.960586	0.960586	0.960586	0.960586	0.960586	0.960586	0.960586	0.960586	0.960586	0.960586	0.960586	0.960586	0.960586	0.960586	0.960586	0.960586	0.960586	0.960586	0.960586	0.960586	0.960586	0.960586	0.960586	0.960586	0.960586	0.960586	0.960586	0.960586	0.960586	0.960586	0.960586	0.960586	0.960586	0.960586	0.960586	0.960586	0.960586	0.960586	0.960586	0.960586	0.960586	0.960586	0.960586	0.960586	0.960586	0.960586	0.960586	0.960586	0.960586	0.960586	0.960586	0.960586	0.960586	0.960586	0.960586	0.960586	0.960586	0.960586	0.960586	0.960586	0.960586	
0.960586	0.960586	0.960586	0.960586	0.960586	0.960586	0.960586	0.960586	0.960586	0.960586	0.960586	0.960586	0.960586	0.960586	0.960586	0.960586	0.960586	0.960586	0.960586	0.960586	0.960586	0.960586	0.960586	0.960586	0.960586	0.960586	0.960586	0.960586	0.960586	0.960586	0.960586	0.960586	0.960586	0.960586	0.960586	0.960586	0.960586	0.960586	0.960586	0.960586	0.960586	0.960586	0.960586	0.960586	0.960586	0.960586	0.960586	0.960586	0.960586	0.960586	0.960586	0.960586	0.960586	0.960586	0.960586	0.960586	0.960586	0.960586	0.960586	0.960586	0.960586	0.960586	0.960586	0.960586	0.960586	0.960586	0.960586	0.960586	0.960586	0.960586	0.960586	0.960586	0.960586	0.960586	0.960586	0.960586	0.960586	0.960586	0.960586	0.960586	0.960586	0.960586	0.960586	0.960586	0.960586	0.960586	0.960586	0.960586	0.960586	0.960586	0.960586	0.960586	0.960586	0.960586	0.960586	0.960586	0.960586	0.960586	0.960586	0.960586	0.960586	0.960586	0.960586	0.960586	0.960586	0.960586	0.960586	0.960586	0.960586	0.960586	0.960586	0.960586	0.960586	0.960586	0.960586	0.960586	0.960586	0.960586	0.960586	0.960586	0.960586	0.960586	0.960586	0.960586	0.960586	0.960586	0.960586	0.960586	0.960586	0.960586	0.960586	0.960586	0.960586	0.960586	0.960586	0.960586	0.960586	0.960586	0.960586	0.960586	0.960586	0.960586	0.960586	0.960586	0.960586	0.960586	0.960586	0.960586	0.960586	0.960586	0.960586	0.960586	0.960586	0.960586	0.960586	0.960586	0.960586	0.960586	0.960586	0.960586	0.960586	0.960586	0.960586	0.960586	0.960586	0.960586	0.960586	0.960586	0.960586	0.960586	0.960586	0.960586	0.960586	
0.960586	0.960586	0.960586	0.960586	0.960586	0.960586	0.960586	0.960586	0.960586	0.960586	0.960586	0.960586	0.960586	0.960586	0.960586	0.960586	0.960586	0.960586	0.960586	0.960586	0.960586	0.960586	0.960586	0.960586	0.960586	0.960586	0.960586	0.960586	0.960586	0.960586	0.960586	0.960586	0.960586	0.960586	0.960586	0.960586	0.960586	0.960586	0.960586	0.960586	0.960586	0.960586	0.960586	0.960586	0.960586	0.960586	0.960586	0.960586	0.960586	0.960586	0.960586	0.960586	0.960586	0.960586	0.960586	0.960586	0.960586	0.960586	0.960586	0.960586	0.960586	0.960586	0.960586	0.960586	0.960586	0.960586	0.960586	0.960586	0.960586	0.960586	0.960586	0.960586	0.960586	0.960586	0.960586	0.960586	0.960586	0.960586	0.960586	0.960586	0.960586	0.960586	0.960586	0.960586	0.960586	0.960586	0.960586	0.960586	0.960586	0.960586	0.960586	0.960586	0.960586	0.960586	0.960586	0.960586	0.960586	0.960586	0.960586	0.960586	0.960586	0.960586	0.960586	0.960586	0.960586	0.960586	0.960586	0.960586	0.960586	0.960586	0.960586	0.960586	0.960586	0.960586	0.960586	0.960586	0.960586	0.960586	0.960586	0.960586	0.960586	0.960586	0.960586	0.960586	0.960586	0.960586	0.960586	0.960586	0.960586	0.960586	0.960586	0.960586	0.960586	0.960586	0.960586	0.960586	0.960586	0.960586	0.960586	0.960586	0.960586	0.960586	0.960586	0.960586	0.960586	0.960586	0.960586	0.960586	0.960586	0.960586	0.960586	0.960586	0.960586	0.960586	0.960586	0.960586	0.960586	0.960586	0.960586	0.960586	0.960586	0.960586	0.960586	0.960586	0.960586	0.960586	0.960586	0.960586	0.960586	0.960586	0.960586	0.960586	0.960586	0.960586	
0.960586	0.960586	0.960586	0.960586	0.960586	0.960586	0.960586	0.960586	0.960586	0.960586	0.960586	0.960586	0.960586	0.960586	0.960586	0.960586	0.960586	0.960586	0.960586	0.960586	0.960586	0.960586	0.960586	0.960586	0.960586	0.960586	0.960586	0.960586	0.960586	0.960586	0.960586	0.960586	0.960586	0.960586	0.960586	0.960586	0.960586	0.960586	0.960586	0.960586	0.960586	0.960586	0.960586	0.960586	0.960586	0.960586	0.960586	0.960586	0.960586	0.960586	0.960586	0.960586	0.960586	0.960586	0.960586	0.960586	0.960586	0.960586	0.960586	0.960586	0.960586	0.960586	0.960586	0.960586	0.960586	0.960586	0.960586	0.960586	0.960586	0.960586	0.960586	0.960586	0.960586	0.960586	0.960586	0.960586	0.960586	0.960586	0.960586	0.960586	0.960586	0.960586	0.960586	0.960586	0.960586	0.960586	0.960586	0.960586	0.960586	0.960586	0.960586	0.960586	0.960586	0.960586	0.960586	0.960586	0.960586	0.960586	0.960586	0.960586	0.960586	0.960586	0.960586	0.960586	0.960586	0.960586	0.960586	0.960586	0.960586	0.960586	0.960586	0.960586	0.960586	0.960586	0.960586	0.960586	0.960586	0.960586	0.960586	0.960586	0.960586	0.960586	0.960586	0.960586	0.960586	0.960586	0.960586	0.960586	0.960586	0.960586	0.960586	0.960586	0.960586	0.960586	0.960586	0.960586	0.960586	0.960586	0.960586	0.960586	0.960586	0.960586	0.960586	0.960586	0.960586	0.960586	0.960586	0.960586	0.960586	0.960586	0.960586	0.960586	0.960586	0.960586	0.960586	0.960586	0.960586	0.960586	0.960586	0.960586	0.960586	0.960586	0.960586	0.960586	0.960586	0.960586	0.960586	0.960586	0.960586	0.960586	0.960586	0.960586	0.960586	0.960586	0.960586	


























































































































































































































































