0 0 0.960586
0.116838 0 0.960586
0 0.116838 0.960586

0 0 0.960586
0.233676 0 0.960586
0 0.233676 0.960586

0.467353 0 0.960586
0.701029 0 0.960586
0.467353 0.233676 0.960586

0.467353 0 0.960586
0.467353 0.233676 0.960586
0.233676 0 0.960586

0.467353 0 0.960586
0.467353 0.467353 0.960586
3.15288e-012 0 0.960586

0.934706 0 0.960586
1.16838 0 0.960586
0.934706 0.233676 0.960586

0.934706 0 0.960586
1.16268 0 0.946046
0.934706 0.233676 0.960586

0.467353 0 0.960586
0.701029 0 0.960586
0.467353 0.233676 0.960586

0 0 0.960586
0.0826654 0.0275554 0.963963
0.0310755 0.0932254 0.956778

0 0 0.960586
0.0912452 0.0573593 0.962348
-0.0381859 0.0989305 0.957475

0 0 0.960586
0.0999648 0.0479542 0.961949
-0.0454548 0.107674 0.959448

0 0 0.960586
0.0643047 -0.0843946 0.962534
0.0599644 0.0727777 0.963523

